ACK,TEAM_CDUMP,942
TM,TEAM_CR_AUTO,ON,TGT,30.00,EST,0.24,ANG,0.24,LIT,1,ERR,29.76,KP,4,KD,2,KI,1,SIGN,1,RSIGN,-1,MAX,60,DB,0.5,WRAP,1,SYNC,1,STRAT,RW
TM,TEAM_CR_HEAD,N,942,DIV,2,COLS,i;t;tgt;ang;est;err;gz;u;I;K;rw;fl
TM,TEAM_CR,0,126391,30.0,0.4,0.2,29.8,0.0,119.7,0.6,0.0,2,9
TM,TEAM_CR,1,126431,30.0,0.4,0.3,29.7,0.0,119.6,0.6,0.0,22,9
TM,TEAM_CR,2,126471,30.0,0.4,0.3,29.7,0.4,118.7,0.6,0.0,42,9
TM,ADCS_MODE,MANUAL,ADCS_REFERENCE,SUN,TARGET,0.00,POINTING_ERROR,5.99,SUN_ERROR,5.86,MAG_ERROR,-101.63,GYRO_Z,0.010,RW_CMD,0
TM,EST_RAW,-5.86,EST_FILTERED,-5.86,EST_ANGLE,-5.99,EST_FILTER,ON,EST_FILTER_TYPE,MOVING_AVERAGE,EST_MA_WINDOW,1,EST_FILTER_STRENGTH,0.35
TM,EST_FUSION,ON,EST_GYRO_WEIGHT,0.98,EST_VALID,1
TM,TEAM_CR,3,126511,30.0,0.2,0.4,29.6,3.3,112.5,0.6,0.0,60,9
TM,SUN_L,3671,SUN_R,3712,SUN_NDV,-0.0056,SUN_ANGLE,-6.01
TM,MAG_X,-9.57,MAG_Y,46.50,MAG_Z,11.36,MAG_HEADING,101.63
TM,GYRO_X,-1.251,GYRO_Y,-1.986,GYRO_Z,0.097,BODY_RATE,-0.097
TM,TEAM_CR,4,126563,30.0,0.6,0.7,29.3,7.2,103.4,0.6,0.0,60,9
TM,TEAM_CR,5,126603,30.0,0.7,1.1,28.9,11.9,92.4,0.6,0.0,60,9
TM,TEAM_CR,6,126643,30.0,1.0,1.7,28.3,16.9,79.8,0.6,0.0,60,9
TM,TEAM_CR,7,126683,30.0,1.6,2.5,27.5,20.6,69.5,0.6,0.0,60,9
TM,TEAM_CR,8,126723,30.0,2.5,3.4,26.6,26.2,54.6,0.6,0.0,59,1
TM,TEAM_CR,9,126763,30.0,3.4,4.6,25.4,31.9,39.5,1.6,0.0,45,1
TM,TEAM_CR,10,126803,30.0,4.6,5.9,24.1,34.0,31.1,2.6,0.0,35,1
TM,TEAM_CR,11,126843,30.0,5.8,7.2,22.8,35.0,24.6,3.5,0.0,26,1
TM,TEAM_CR,12,126883,30.0,7.5,8.5,21.5,32.8,24.9,4.4,0.0,25,1
TM,TEAM_CR,13,126928,30.0,8.8,9.8,20.2,29.6,26.6,5.2,0.0,27,1
TM,TEAM_CR,14,126968,30.0,10.0,10.9,19.1,27.7,26.9,6.0,0.0,27,1
TM,TEAM_CR,15,127008,30.0,10.9,12.0,18.0,27.6,23.6,6.7,0.0,24,1
TM,TEAM_CR,16,127048,30.0,11.9,13.0,17.0,26.7,21.9,7.4,0.0,22,1
TM,TEAM_CR,17,127088,30.0,12.7,14.0,16.0,25.4,21.2,8.1,0.0,21,1
TM,TEAM_CR,18,127129,30.0,13.6,14.9,15.1,23.6,21.7,8.7,0.0,22,1
TM,TEAM_CR,19,127179,30.0,14.5,16.0,14.0,22.3,20.7,9.2,0.0,21,1
TM,TEAM_CR,20,127219,30.0,15.6,16.8,13.2,21.0,20.5,9.8,0.0,21,1
TM,TEAM_CR,21,127259,30.0,16.3,17.5,12.5,18.9,22.4,10.3,0.0,22,1
TM,TEAM_CR,22,127299,30.0,16.9,18.2,11.8,17.7,22.6,10.8,0.0,23,1
TM,SUN_L,3671,SUN_R,3711,SUN_NDV,-0.0054,SUN_ANGLE,-6.09
TM,MAG_X,-9.57,MAG_Y,46.37,MAG_Z,11.33,MAG_HEADING,101.66
TM,GYRO_X,-1.216,GYRO_Y,-2.021,GYRO_Z,-0.069,BODY_RATE,0.069
TM,TEAM_CR,23,127347,30.0,17.4,18.9,11.1,14.8,26.2,11.2,0.0,25,1
TM,TEAM_CR,24,127387,30.0,17.7,19.3,10.7,11.2,32.1,11.6,0.0,31,1
TM,ADCS_MODE,MANUAL,ADCS_REFERENCE,SUN,TARGET,0.00,POINTING_ERROR,5.99,SUN_ERROR,5.97,MAG_ERROR,-101.66,GYRO_Z,-0.069,RW_CMD,0
TM,EST_RAW,-5.97,EST_FILTERED,-5.97,EST_ANGLE,-5.99,EST_FILTER,ON,EST_FILTER_TYPE,MOVING_AVERAGE,EST_MA_WINDOW,1,EST_FILTER_STRENGTH,0.35
TM,EST_FUSION,ON,EST_GYRO_WEIGHT,0.98,EST_VALID,1
TM,TEAM_CR,25,127429,30.0,18.3,19.6,10.4,8.9,35.7,12.1,0.0,36,1
TM,TEAM_CR,26,127469,30.0,18.4,19.9,10.1,9.9,33.0,12.5,0.0,34,1
TM,TEAM_CR,27,127509,30.0,18.9,20.3,9.7,11.1,29.4,12.9,0.0,29,1
TM,TEAM_CR,28,127549,30.0,18.8,20.7,9.3,11.0,28.5,13.2,0.0,29,1
TM,TEAM_CR,29,127589,30.0,19.2,21.0,9.0,10.5,28.4,13.6,0.0,28,1
TM,TEAM_CR,30,127630,30.0,19.4,21.4,8.6,10.7,27.0,13.9,0.0,28,1
TM,TEAM_CR,31,127679,30.0,19.7,21.8,8.2,10.1,26.8,14.3,0.0,27,1
TM,TEAM_CR,32,127719,30.0,20.2,22.1,7.9,9.2,27.8,14.6,0.0,28,1
TM,TEAM_CR,33,127767,30.0,20.3,22.4,7.6,8.4,28.3,14.9,0.0,28,1
TM,TEAM_CR,34,127807,30.0,20.9,22.7,7.3,7.2,30.1,15.2,0.0,30,1
TM,TEAM_CR,35,127847,30.0,20.8,22.8,7.2,5.1,34.1,15.5,0.0,34,1
TM,TEAM_CR,36,127887,30.0,20.9,22.9,7.1,4.6,34.9,15.8,0.0,35,1
TM,TEAM_CR,37,127929,30.0,21.0,23.0,7.0,4.1,35.8,16.1,0.0,36,1
TM,TEAM_CR,38,127969,30.0,21.1,23.1,6.9,3.9,36.2,16.3,0.0,36,1
TM,TEAM_CR,39,128009,30.0,21.1,23.1,6.9,2.5,39.1,16.6,0.0,38,1
TM,TEAM_CR,40,128050,30.0,21.4,23.1,6.9,1.2,42.1,16.9,0.0,42,1
TM,SUN_L,3670,SUN_R,3710,SUN_NDV,-0.0054,SUN_ANGLE,-5.72
TM,MAG_X,-9.70,MAG_Y,46.37,MAG_Z,11.36,MAG_HEADING,101.81
TM,GYRO_X,-1.033,GYRO_Y,-2.126,GYRO_Z,-0.121,BODY_RATE,0.121
TM,TEAM_CR,41,128089,30.0,21.2,23.0,7.0,0.2,44.6,17.2,0.0,45,1
TM,TEAM_CR,42,128129,30.0,21.1,23.0,7.0,0.4,44.8,17.4,0.0,45,1
TM,TEAM_CR,43,128180,30.0,21.1,22.9,7.1,0.8,44.4,17.7,0.0,44,1
TM,TEAM_CR,44,128220,30.0,21.2,22.9,7.1,2.6,41.0,18.0,0.0,42,1
TM,TEAM_CR,45,128260,30.0,21.2,22.9,7.1,1.5,43.5,18.3,0.0,43,1
TM,TEAM_CR,46,128300,30.0,21.2,22.9,7.1,1.8,43.3,18.6,0.0,43,1
TM,TEAM_CR,47,128347,30.0,21.4,22.9,7.1,0.7,45.9,18.9,0.0,46,1
TM,ADCS_MODE,MANUAL,ADCS_REFERENCE,SUN,TARGET,0.00,POINTING_ERROR,5.98,SUN_ERROR,6.02,MAG_ERROR,-101.74,GYRO_Z,-0.183,RW_CMD,0
TM,EST_RAW,-6.02,EST_FILTERED,-6.02,EST_ANGLE,-5.98,EST_FILTER,ON,EST_FILTER_TYPE,MOVING_AVERAGE,EST_MA_WINDOW,1,EST_FILTER_STRENGTH,0.35
TM,EST_FUSION,ON,EST_GYRO_WEIGHT,0.98,EST_VALID,1
TM,TEAM_CR,48,128388,30.0,21.4,22.9,7.1,1.1,45.4,19.1,0.0,45,1
TM,TEAM_CR,49,128430,30.0,21.5,22.9,7.1,0.4,47.1,19.4,0.0,47,1
TM,TEAM_CR,50,128470,30.0,21.5,22.8,7.2,0.9,46.5,19.7,0.0,47,1
TM,TEAM_CR,51,128510,30.0,21.4,22.8,7.2,0.5,47.7,20.0,0.0,48,1
TM,TEAM_CR,52,128550,30.0,21.4,22.8,7.2,0.6,48.1,20.3,0.0,48,1
TM,TEAM_CR,53,128590,30.0,21.6,22.7,7.3,0.3,49.0,20.6,0.0,49,1
TM,TEAM_CR,54,128630,30.0,21.6,22.7,7.3,0.1,50.0,20.9,0.0,50,1
TM,TEAM_CR,55,128680,30.0,21.6,22.7,7.3,1.8,46.7,21.2,0.0,47,1
TM,TEAM_CR,56,128721,30.0,21.7,22.7,7.3,1.4,47.8,21.5,0.0,48,1
TM,TEAM_CR,57,128768,30.0,21.4,22.7,7.3,1.2,48.5,21.7,0.0,48,1
TM,TEAM_CR,58,128808,30.0,21.6,22.7,7.3,1.6,47.9,22.0,0.0,48,1
TM,SUN_L,3669,SUN_R,3707,SUN_NDV,-0.0052,SUN_ANGLE,-5.64
TM,MAG_X,-9.65,MAG_Y,46.42,MAG_Z,11.52,MAG_HEADING,101.74
TM,GYRO_X,-1.435,GYRO_Y,-1.881,GYRO_Z,0.036,BODY_RATE,-0.036
TM,TEAM_CR,59,128848,30.0,21.6,22.7,7.3,1.0,49.3,22.3,0.0,49,1
TM,TEAM_CR,60,128889,30.0,21.8,22.7,7.3,0.2,51.3,22.6,0.0,51,1
TM,TEAM_CR,61,128930,30.0,21.4,22.7,7.3,0.0,52.3,22.9,0.0,52,1
TM,TEAM_CR,62,128970,30.0,21.7,22.6,7.4,0.2,52.3,23.2,0.0,52,1
TM,TEAM_CR,63,129010,30.0,21.6,22.6,7.4,0.2,52.7,23.5,0.0,53,1
TM,TEAM_CR,64,129050,30.0,21.9,22.6,7.4,0.6,52.2,23.8,0.0,52,1
TM,TEAM_CR,65,129090,30.0,21.8,22.6,7.4,0.8,52.1,24.1,0.0,52,1
TM,TEAM_CR,66,129130,30.0,21.9,22.6,7.4,0.7,52.8,24.4,0.0,53,1
TM,TEAM_CR,67,129179,30.0,21.8,22.5,7.5,0.1,54.2,24.7,0.0,54,1
TM,TEAM_CR,68,129219,30.0,21.6,22.5,7.5,0.2,54.6,25.0,0.0,55,1
TM,TEAM_CR,69,129259,30.0,21.8,22.5,7.5,0.0,55.4,25.3,0.0,55,1
TM,TEAM_CR,70,129299,30.0,21.7,22.5,7.5,0.2,55.3,25.6,0.0,55,1
TM,ADCS_MODE,MANUAL,ADCS_REFERENCE,SUN,TARGET,0.00,POINTING_ERROR,5.96,SUN_ERROR,5.69,MAG_ERROR,-101.55,GYRO_Z,-0.165,RW_CMD,0
TM,EST_RAW,-5.69,EST_FILTERED,-5.69,EST_ANGLE,-5.96,EST_FILTER,ON,EST_FILTER_TYPE,MOVING_AVERAGE,EST_MA_WINDOW,1,EST_FILTER_STRENGTH,0.35
TM,EST_FUSION,ON,EST_GYRO_WEIGHT,0.98,EST_VALID,1
TM,TEAM_CR,71,129348,30.0,21.7,22.5,7.5,1.1,53.8,25.9,0.0,54,1
TM,TEAM_CR,72,129388,30.0,21.8,22.5,7.5,2.3,51.3,26.2,0.0,51,1
TM,TEAM_CR,73,129429,30.0,21.8,22.6,7.4,2.5,51.0,26.5,0.0,51,1
TM,TEAM_CR,74,129469,30.0,21.7,22.7,7.3,2.4,51.3,26.8,0.0,51,1
TM,TEAM_CR,75,129509,30.0,21.7,22.7,7.3,2.1,52.1,27.1,0.0,52,1
TM,TEAM_CR,76,129549,30.0,21.6,22.7,7.3,2.4,51.7,27.4,0.0,52,1
TM,SUN_L,3671,SUN_R,3713,SUN_NDV,-0.0057,SUN_ANGLE,-6.38
TM,MAG_X,-9.65,MAG_Y,46.38,MAG_Z,11.41,MAG_HEADING,101.75
TM,GYRO_X,-1.050,GYRO_Y,-2.074,GYRO_Z,0.062,BODY_RATE,-0.062
TM,TEAM_CR,77,129589,30.0,21.7,22.8,7.2,2.9,50.5,27.6,0.0,51,1
TM,TEAM_CR,78,129629,30.0,21.9,22.9,7.1,4.6,47.1,27.9,0.0,48,1
TM,TEAM_CR,79,129680,30.0,21.6,23.1,6.9,5.1,45.6,28.2,0.0,46,1
TM,TEAM_CR,80,129720,30.0,22.1,23.3,6.7,4.5,46.4,28.5,0.0,46,1
TM,TEAM_CR,81,129768,30.0,22.3,23.4,6.6,3.7,47.7,28.7,0.0,48,1
TM,TEAM_CR,82,129808,30.0,22.3,23.5,6.5,2.7,49.8,29.0,0.0,50,1
TM,TEAM_CR,83,129848,30.0,22.2,23.6,6.4,4.5,45.9,29.3,0.0,46,1
TM,TEAM_CR,84,129888,30.0,22.3,23.7,6.3,5.5,43.5,29.5,0.0,44,1
TM,TEAM_CR,85,129929,30.0,22.5,23.9,6.1,4.2,45.9,29.8,0.0,46,1
TM,TEAM_CR,86,129969,30.0,22.6,23.9,6.1,2.3,49.7,30.0,0.0,50,1
TM,TEAM_CR,87,130009,30.0,22.8,23.9,6.1,2.0,50.6,30.3,0.0,51,1
TM,TEAM_CR,88,130049,30.0,22.8,24.0,6.0,2.5,49.6,30.5,0.0,50,1
TM,TEAM_CR,89,130089,30.0,23.0,24.1,5.9,4.0,46.5,30.7,0.0,47,1
TM,TEAM_CR,90,130129,30.0,22.9,24.2,5.8,3.9,46.4,31.0,0.0,46,1
TM,TEAM_CR,91,130181,30.0,23.0,24.3,5.7,2.3,49.6,31.2,0.0,50,1
TM,TEAM_CR,92,130221,30.0,23.1,24.3,5.7,2.3,49.7,31.4,0.0,50,1
TM,TEAM_CR,93,130261,30.0,23.2,24.4,5.6,3.7,46.8,31.6,0.0,48,1
TM,ADCS_MODE,MANUAL,ADCS_REFERENCE,SUN,TARGET,0.00,POINTING_ERROR,5.94,SUN_ERROR,5.99,MAG_ERROR,-102.03,GYRO_Z,-0.191,RW_CMD,0
TM,EST_RAW,-5.99,EST_FILTERED,-5.99,EST_ANGLE,-5.94,EST_FILTER,ON,EST_FILTER_TYPE,MOVING_AVERAGE,EST_MA_WINDOW,1,EST_FILTER_STRENGTH,0.35
TM,EST_FUSION,ON,EST_GYRO_WEIGHT,0.98,EST_VALID,1
TM,TEAM_CR,94,130301,30.0,23.4,24.6,5.4,6.7,40.1,31.9,0.0,41,1
TM,SUN_L,3669,SUN_R,3709,SUN_NDV,-0.0054,SUN_ANGLE,-5.87
TM,MAG_X,-9.79,MAG_Y,45.97,MAG_Z,11.55,MAG_HEADING,102.03
TM,GYRO_X,-1.050,GYRO_Y,-2.074,GYRO_Z,0.202,BODY_RATE,-0.202
TM,TEAM_CR,95,130348,30.0,23.5,25.0,5.0,10.7,30.7,32.1,0.0,36,1
TM,TEAM_CR,96,130388,30.0,23.5,25.4,4.6,11.9,27.0,32.3,0.0,28,1
TM,TEAM_CR,97,130430,30.0,23.8,25.8,4.2,11.6,26.1,32.4,0.0,26,1
TM,TEAM_CR,98,130470,30.0,23.8,26.2,3.8,12.2,23.4,32.6,0.0,24,1
TM,TEAM_CR,99,130510,30.0,24.1,26.6,3.4,11.8,23.0,32.7,0.0,23,1
TM,TEAM_CR,100,130550,30.0,24.2,26.9,3.1,10.0,25.4,32.9,0.0,25,1
TM,TEAM_CR,101,130590,30.0,24.5,27.1,2.9,6.3,32.0,33.0,0.0,31,1
TM,TEAM_CR,102,130631,30.0,24.7,27.2,2.8,4.4,35.7,33.1,0.0,36,1
TM,TEAM_CR,103,130680,30.0,24.8,27.2,2.8,3.9,36.4,33.2,0.0,36,1
TM,TEAM_CR,104,130720,30.0,24.9,27.3,2.7,3.1,38.0,33.3,0.0,38,1
TM,TEAM_CR,105,130769,30.0,24.7,27.3,2.7,1.3,41.8,33.4,0.0,42,1
TM,TEAM_CR,106,130809,30.0,24.9,27.2,2.8,0.4,44.0,33.5,0.0,44,1
TM,TEAM_CR,107,130849,30.0,24.7,27.1,2.9,1.2,42.7,33.7,0.0,43,1
TM,TEAM_CR,108,130889,30.0,24.7,27.1,2.9,1.6,42.1,33.8,0.0,42,1
TM,TEAM_CR,109,130930,30.0,24.7,27.1,2.9,1.5,42.5,33.9,0.0,42,1
TM,TEAM_CR,110,130970,30.0,25.0,27.0,3.0,0.7,44.4,34.0,0.0,44,1
TM,TEAM_CR,111,131010,30.0,25.4,27.0,3.0,0.6,45.0,34.1,0.0,45,1
TM,TEAM_CR,112,131050,30.0,25.0,27.0,3.0,2.0,42.4,34.2,0.0,44,1
TM,TEAM_CR,113,131090,30.0,25.2,27.0,3.0,3.1,40.0,34.4,0.0,40,1
TM,SUN_L,3669,SUN_R,3709,SUN_NDV,-0.0054,SUN_ANGLE,-5.90
TM,MAG_X,-9.68,MAG_Y,46.18,MAG_Z,11.50,MAG_HEADING,101.84
TM,GYRO_X,-1.094,GYRO_Y,-2.205,GYRO_Z,0.106,BODY_RATE,-0.106
TM,TEAM_CR,114,131131,30.0,25.4,27.1,2.9,2.5,41.3,34.5,0.0,41,1
TM,TEAM_CR,115,131181,30.0,25.2,27.0,3.0,1.0,44.4,34.6,0.0,44,1
TM,ADCS_MODE,MANUAL,ADCS_REFERENCE,SUN,TARGET,0.00,POINTING_ERROR,5.93,SUN_ERROR,5.87,MAG_ERROR,-101.84,GYRO_Z,0.159,RW_CMD,0
TM,EST_RAW,-5.87,EST_FILTERED,-5.87,EST_ANGLE,-5.93,EST_FILTER,ON,EST_FILTER_TYPE,MOVING_AVERAGE,EST_MA_WINDOW,1,EST_FILTER_STRENGTH,0.35
TM,EST_FUSION,ON,EST_GYRO_WEIGHT,0.98,EST_VALID,1
TM,TEAM_CR,116,131221,30.0,25.0,27.0,3.0,1.6,43.5,34.7,0.0,44,1
TM,TEAM_CR,117,131261,30.0,25.2,27.0,3.0,1.5,43.8,34.8,0.0,44,1
TM,TEAM_CR,118,131301,30.0,25.2,27.0,3.0,0.4,46.3,35.0,0.0,46,1
TM,TEAM_CR,119,131349,30.0,25.5,26.9,3.1,0.9,45.4,35.1,0.0,45,1
TM,TEAM_CR,120,131389,30.0,25.5,26.9,3.1,1.5,44.5,35.2,0.0,44,1
TM,TEAM_CR,121,131431,30.0,25.5,26.9,3.1,0.9,45.9,35.3,0.0,46,1
TM,TEAM_CR,122,131471,30.0,25.5,26.9,3.1,0.1,47.8,35.5,0.0,48,1
TM,TEAM_CR,123,131511,30.0,25.5,26.8,3.2,0.4,47.5,35.6,0.0,47,1
TM,TEAM_CR,124,131551,30.0,25.5,26.8,3.2,0.9,46.8,35.7,0.0,47,1
TM,TEAM_CR,125,131591,30.0,25.4,26.8,3.2,0.9,46.8,35.8,0.0,47,1
TM,TEAM_CR,126,131632,30.0,25.3,26.7,3.3,0.3,48.4,36.0,0.0,48,1
TM,TEAM_CR,127,131681,30.0,25.6,26.7,3.3,0.7,47.8,36.1,0.0,48,1
TM,TEAM_CR,128,131721,30.0,25.4,26.7,3.3,0.7,47.9,36.2,0.0,48,1
TM,TEAM_CR,129,131769,30.0,25.4,26.7,3.3,0.7,48.1,36.4,0.0,48,1
TM,TEAM_CR,130,131809,30.0,25.7,26.7,3.3,0.3,49.2,36.5,0.0,49,1
TM,TEAM_CR,131,131849,30.0,25.6,26.6,3.4,0.5,49.1,36.6,0.0,49,1
TM,SUN_L,3672,SUN_R,3710,SUN_NDV,-0.0051,SUN_ANGLE,-5.74
TM,MAG_X,-9.63,MAG_Y,46.22,MAG_Z,11.41,MAG_HEADING,101.77
TM,GYRO_X,-0.892,GYRO_Y,-2.214,GYRO_Z,0.089,BODY_RATE,-0.089
TM,TEAM_CR,132,131889,30.0,25.4,26.6,3.4,0.7,48.9,36.8,0.0,49,1
TM,TEAM_CR,133,131931,30.0,25.9,26.6,3.4,0.4,49.5,36.9,0.0,50,1
TM,TEAM_CR,134,131971,30.0,25.9,26.6,3.4,0.5,49.6,37.0,0.0,50,1
TM,TEAM_CR,135,132011,30.0,25.7,26.6,3.4,0.8,49.1,37.2,0.0,49,1
TM,TEAM_CR,136,132052,30.0,25.7,26.6,3.4,0.8,49.2,37.3,0.0,49,1
TM,TEAM_CR,137,132091,30.0,25.8,26.6,3.4,0.7,49.7,37.4,0.0,50,1
TM,TEAM_CR,138,132131,30.0,25.9,26.6,3.4,0.6,49.9,37.6,0.0,50,1
TM,ADCS_MODE,MANUAL,ADCS_REFERENCE,SUN,TARGET,0.00,POINTING_ERROR,5.92,SUN_ERROR,6.06,MAG_ERROR,-101.79,GYRO_Z,0.036,RW_CMD,0
TM,EST_RAW,-6.06,EST_FILTERED,-6.06,EST_ANGLE,-5.92,EST_FILTER,ON,EST_FILTER_TYPE,MOVING_AVERAGE,EST_MA_WINDOW,1,EST_FILTER_STRENGTH,0.35
TM,EST_FUSION,ON,EST_GYRO_WEIGHT,0.98,EST_VALID,1
TM,TEAM_CR,139,132181,30.0,26.1,26.6,3.4,0.8,49.6,37.7,0.0,50,1
TM,TEAM_CR,140,132221,30.0,26.0,26.6,3.4,0.7,49.9,37.8,0.0,50,1
TM,TEAM_CR,141,132262,30.0,26.0,26.6,3.4,0.6,50.3,38.0,0.0,50,1
TM,TEAM_CR,142,132301,30.0,26.0,26.6,3.4,1.4,48.8,38.1,0.0,49,1
TM,TEAM_CR,143,132349,30.0,26.2,26.7,3.3,1.2,49.1,38.2,0.0,49,1
TM,TEAM_CR,144,132389,30.0,26.2,26.8,3.2,3.3,44.8,38.4,0.0,46,1
TM,TEAM_CR,145,132433,30.0,26.4,27.0,3.0,6.5,37.6,38.5,0.0,38,1
TM,TEAM_CR,146,132472,30.0,26.7,27.2,2.8,5.9,37.9,38.6,0.0,38,1
TM,TEAM_CR,147,132512,30.0,26.4,27.4,2.6,6.3,36.4,38.7,0.0,37,1
TM,TEAM_CR,148,132552,30.0,27.0,27.7,2.3,9.1,29.7,38.8,0.0,31,1
TM,TEAM_CR,149,132592,30.0,27.2,28.1,1.9,9.7,27.3,38.9,0.0,28,1
TM,SUN_L,3669,SUN_R,3710,SUN_NDV,-0.0056,SUN_ANGLE,-5.96
TM,MAG_X,-9.60,MAG_Y,46.16,MAG_Z,11.47,MAG_HEADING,101.75
TM,GYRO_X,-1.312,GYRO_Y,-1.960,GYRO_Z,-0.008,BODY_RATE,0.008
TM,TEAM_CR,150,132632,30.0,27.7,28.4,1.6,9.6,26.2,39.0,0.0,26,1
TM,TEAM_CR,151,132683,30.0,29.0,28.9,1.1,9.6,24.2,39.0,0.0,24,1
TM,TEAM_CR,152,132723,30.0,29.0,29.2,0.8,7.6,27.0,39.0,0.0,27,1
TM,TEAM_CR,153,132770,30.0,29.7,29.5,0.5,5.7,39.1,39.1,0.0,31,1
TM,TEAM_CR,154,132810,30.0,29.8,29.7,0.3,6.7,39.1,39.1,0.0,39,1
TM,TEAM_CR,155,132851,30.0,30.0,30.1,-0.1,7.6,39.1,39.1,0.0,39,1
TM,TEAM_CR,156,132890,30.0,30.5,30.3,-0.3,6.9,39.1,39.1,0.0,39,1
TM,TEAM_CR,157,132933,30.0,30.8,30.6,-0.6,5.0,26.7,39.0,0.0,37,1
TM,TEAM_CR,158,132972,30.0,31.0,30.7,-0.7,3.5,29.2,39.0,0.0,29,1
TM,TEAM_CR,159,133012,30.0,31.2,30.8,-0.8,1.3,33.1,39.0,0.0,33,1
TM,TEAM_CR,160,133052,30.0,31.2,30.9,-0.9,1.1,33.2,38.9,0.0,33,1
TM,TEAM_CR,161,133092,30.0,31.2,30.9,-0.9,0.4,34.5,38.9,0.0,35,1
TM,ADCS_MODE,MANUAL,ADCS_REFERENCE,SUN,TARGET,0.00,POINTING_ERROR,5.92,SUN_ERROR,6.16,MAG_ERROR,-101.75,GYRO_Z,0.194,RW_CMD,0
TM,EST_RAW,-6.16,EST_FILTERED,-6.16,EST_ANGLE,-5.92,EST_FILTER,ON,EST_FILTER_TYPE,MOVING_AVERAGE,EST_MA_WINDOW,1,EST_FILTER_STRENGTH,0.35
TM,EST_FUSION,ON,EST_GYRO_WEIGHT,0.98,EST_VALID,1
TM,TEAM_CR,162,133132,30.0,31.3,30.9,-0.9,0.3,34.6,38.9,0.0,35,1
TM,TEAM_CR,163,133186,30.0,31.3,31.0,-1.0,1.2,38.9,38.9,0.0,38,3
TM,TEAM_CR,164,133222,30.0,31.4,31.1,-1.1,2.0,34.7,38.8,0.0,35,3
TM,TEAM_CR,165,133262,30.0,31.4,31.2,-1.2,2.7,33.8,38.8,0.0,34,3
TM,TEAM_CR,166,133302,30.0,31.8,31.4,-1.4,4.4,31.7,38.8,0.0,32,3
TM,TEAM_CR,167,133351,30.0,32.0,31.6,-1.6,5.5,30.0,38.8,0.0,30,3
TM,SUN_L,3671,SUN_R,3710,SUN_NDV,-0.0053,SUN_ANGLE,-5.72
TM,MAG_X,-9.50,MAG_Y,46.27,MAG_Z,11.60,MAG_HEADING,101.61
TM,GYRO_X,-1.304,GYRO_Y,-2.039,GYRO_Z,0.246,BODY_RATE,-0.246
TM,TEAM_CR,168,133391,30.0,32.3,31.9,-1.9,5.5,29.5,38.7,0.0,29,3
TM,TEAM_CR,169,133436,30.0,32.5,32.1,-2.1,5.8,18.6,38.7,0.0,26,1
TM,TEAM_CR,170,133472,30.0,32.6,32.3,-2.3,5.3,18.6,38.6,0.0,19,1
TM,TEAM_CR,171,133512,30.0,32.8,32.5,-2.5,3.0,22.6,38.5,0.0,23,1
TM,TEAM_CR,172,133552,30.0,32.9,32.5,-2.5,0.0,28.3,38.4,0.0,27,1
TM,TEAM_CR,173,133592,30.0,32.9,32.5,-2.5,0.2,27.6,38.3,0.0,28,1
TM,TEAM_CR,174,133632,30.0,32.8,32.6,-2.6,0.9,26.1,38.2,0.0,26,1
TM,TEAM_CR,175,133683,30.0,33.0,32.6,-2.6,0.5,26.5,38.1,0.0,26,1
TM,TEAM_CR,176,133723,30.0,33.1,32.7,-2.7,-0.2,27.7,37.9,0.0,28,1
TM,TEAM_CR,177,133772,30.0,33.1,32.7,-2.7,0.8,25.4,37.8,0.0,25,1
TM,TEAM_CR,178,133811,30.0,33.2,32.8,-2.8,0.4,25.9,37.7,0.0,26,1
TM,TEAM_CR,179,133851,30.0,33.1,32.8,-2.8,-0.5,27.6,37.6,0.0,28,1
TM,TEAM_CR,180,133891,30.0,33.3,32.8,-2.8,0.2,25.9,37.5,0.0,26,1
TM,TEAM_CR,181,133932,30.0,33.4,32.8,-2.8,0.7,24.8,37.4,0.0,25,1
TM,TEAM_CR,182,133972,30.0,33.2,32.9,-2.9,0.1,25.7,37.3,0.0,26,1
TM,TEAM_CR,183,134012,30.0,33.2,32.9,-2.9,0.3,25.2,37.2,0.0,25,1
TM,TEAM_CR,184,134052,30.0,33.3,32.9,-2.9,0.5,24.4,37.1,0.0,24,1
TM,ADCS_MODE,MANUAL,ADCS_REFERENCE,SUN,TARGET,0.00,POINTING_ERROR,5.91,SUN_ERROR,6.07,MAG_ERROR,-101.59,GYRO_Z,-0.008,RW_CMD,0
TM,EST_RAW,-6.07,EST_FILTERED,-6.07,EST_ANGLE,-5.91,EST_FILTER,ON,EST_FILTER_TYPE,MOVING_AVERAGE,EST_MA_WINDOW,1,EST_FILTER_STRENGTH,0.35
TM,EST_FUSION,ON,EST_GYRO_WEIGHT,0.98,EST_VALID,1
TM,TEAM_CR,185,134092,30.0,33.2,32.9,-2.9,-0.1,25.4,36.9,0.0,25,1
TM,SUN_L,3670,SUN_R,3708,SUN_NDV,-0.0052,SUN_ANGLE,-5.95
TM,MAG_X,-9.49,MAG_Y,46.26,MAG_Z,11.60,MAG_HEADING,101.59
TM,GYRO_X,-1.356,GYRO_Y,-2.056,GYRO_Z,-0.498,BODY_RATE,0.498
TM,TEAM_CR,186,134132,30.0,33.2,33.0,-3.0,0.4,24.1,36.8,0.0,24,1
TM,TEAM_CR,187,134184,30.0,33.2,33.0,-3.0,0.5,23.8,36.7,0.0,24,1
TM,TEAM_CR,188,134224,30.0,33.2,33.0,-3.0,0.8,22.9,36.6,0.0,23,1
TM,TEAM_CR,189,134264,30.0,33.2,33.0,-3.0,0.4,23.5,36.5,0.0,23,1
TM,TEAM_CR,190,134304,30.0,33.2,33.1,-3.1,0.3,23.4,36.3,0.0,23,1
TM,TEAM_CR,191,134351,30.0,33.2,33.1,-3.1,0.7,22.5,36.2,0.0,23,1
TM,TEAM_CR,192,134391,30.0,33.4,33.1,-3.1,0.5,22.7,36.1,0.0,23,1
TM,TEAM_CR,193,134433,30.0,33.4,33.1,-3.1,0.2,23.0,36.0,0.0,23,1
TM,TEAM_CR,194,134473,30.0,33.4,33.2,-3.2,0.3,22.6,35.8,0.0,23,1
TM,TEAM_CR,195,134513,30.0,33.5,33.2,-3.2,0.2,22.6,35.7,0.0,23,1
TM,TEAM_CR,196,134553,30.0,33.4,33.2,-3.2,0.0,22.8,35.6,0.0,23,1
TM,TEAM_CR,197,134593,30.0,33.4,33.2,-3.2,0.1,22.3,35.5,0.0,22,1
TM,TEAM_CR,198,134634,30.0,33.5,33.2,-3.2,0.5,21.5,35.3,0.0,21,1
TM,TEAM_CR,199,134683,30.0,33.4,33.2,-3.2,-0.1,22.4,35.2,0.0,22,1
TM,TEAM_CR,200,134723,30.0,33.5,33.3,-3.3,0.3,21.3,35.1,0.0,21,1
TM,TEAM_CR,201,134771,30.0,33.6,33.3,-3.3,-0.2,22.3,34.9,0.0,22,1
TM,TEAM_CR,202,134811,30.0,33.5,33.3,-3.3,0.1,21.4,34.8,0.0,21,1
TM,TEAM_CR,203,134851,30.0,33.6,33.3,-3.3,0.5,20.4,34.7,0.0,20,1
TM,TEAM_CR,204,134891,30.0,33.5,33.3,-3.3,-0.1,21.4,34.5,0.0,21,1
TM,SUN_L,3669,SUN_R,3709,SUN_NDV,-0.0054,SUN_ANGLE,-5.67
TM,MAG_X,-9.57,MAG_Y,46.11,MAG_Z,11.58,MAG_HEADING,101.72
TM,GYRO_X,-1.251,GYRO_Y,-1.942,GYRO_Z,-0.104,BODY_RATE,0.104
TM,TEAM_CR,205,134933,30.0,33.5,33.3,-3.3,0.0,21.0,34.4,0.0,21,1
TM,TEAM_CR,206,134973,30.0,33.6,33.3,-3.3,0.4,20.0,34.3,0.0,20,1
TM,ADCS_MODE,MANUAL,ADCS_REFERENCE,SUN,TARGET,0.00,POINTING_ERROR,5.91,SUN_ERROR,6.15,MAG_ERROR,-101.72,GYRO_Z,0.071,RW_CMD,0
TM,EST_RAW,-6.15,EST_FILTERED,-6.15,EST_ANGLE,-5.91,EST_FILTER,ON,EST_FILTER_TYPE,MOVING_AVERAGE,EST_MA_WINDOW,1,EST_FILTER_STRENGTH,0.35
TM,EST_FUSION,ON,EST_GYRO_WEIGHT,0.98,EST_VALID,1
TM,TEAM_CR,207,135013,30.0,33.5,33.4,-3.4,0.1,20.5,34.1,0.0,20,1
TM,TEAM_CR,208,135053,30.0,33.5,33.4,-3.4,0.4,19.7,34.0,0.0,20,1
TM,TEAM_CR,209,135093,30.0,33.6,33.4,-3.4,0.4,19.5,33.9,0.0,19,1
TM,TEAM_CR,210,135133,30.0,33.5,33.4,-3.4,0.0,20.1,33.7,0.0,20,1
TM,TEAM_CR,211,135184,30.0,33.6,33.4,-3.4,0.3,19.3,33.6,0.0,19,1
TM,TEAM_CR,212,135224,30.0,33.6,33.4,-3.4,0.2,19.4,33.5,0.0,19,1
TM,TEAM_CR,213,135264,30.0,33.5,33.4,-3.4,-0.3,20.1,33.3,0.0,20,1
TM,TEAM_CR,214,135308,30.0,33.6,33.4,-3.4,0.1,-0.8,33.2,-19.8,16,1
TM,TEAM_CR,215,135351,30.0,33.6,33.4,-3.4,-0.8,1.4,33.0,-19.4,1,1
TM,TEAM_CR,216,135391,30.0,33.5,33.4,-3.4,-1.8,3.8,32.9,-19.0,4,1
TM,TEAM_CR,217,135434,30.0,33.6,33.3,-3.3,-1.9,4.5,32.8,-18.6,4,1
TM,TEAM_CR,218,135474,30.0,33.4,33.2,-3.2,-2.0,5.3,32.6,-18.3,5,1
TM,TEAM_CR,219,135514,30.0,33.2,33.1,-3.1,-2.3,6.5,32.5,-17.9,7,1
TM,TEAM_CR,220,135555,30.0,33.2,33.1,-3.1,-1.9,6.2,32.4,-17.6,6,1
TM,TEAM_CR,221,135595,30.0,33.0,33.0,-3.0,-1.9,6.8,32.3,-17.2,7,1
TM,TEAM_CR,222,135634,30.0,33.1,32.9,-2.9,-2.1,7.6,32.2,-16.9,8,1
TM,TEAM_CR,223,135684,30.0,32.8,32.8,-2.8,-1.2,6.3,32.0,-16.5,6,1
TM,SUN_L,3670,SUN_R,3713,SUN_NDV,-0.0058,SUN_ANGLE,-5.93
TM,MAG_X,-9.65,MAG_Y,46.00,MAG_Z,11.63,MAG_HEADING,101.85
TM,GYRO_X,-1.400,GYRO_Y,-2.179,GYRO_Z,0.001,BODY_RATE,-0.001
TM,TEAM_CR,224,135724,30.0,32.6,32.8,-2.8,-1.3,6.9,31.9,-16.2,7,1
TM,TEAM_CR,225,135772,30.0,32.7,32.7,-2.7,-1.3,7.6,31.8,-15.9,8,1
TM,TEAM_CR,226,135812,30.0,32.6,32.7,-2.7,-0.4,6.0,31.7,-15.6,6,1
TM,TEAM_CR,227,135852,30.0,32.5,32.6,-2.6,-1.0,7.6,31.6,-15.3,8,1
TM,TEAM_CR,228,135892,30.0,32.6,32.6,-2.6,-1.1,8.1,31.5,-15.0,8,1
TM,TEAM_CR,229,135934,30.0,32.6,32.6,-2.6,-0.1,6.4,31.4,-14.7,6,1
TM,ADCS_MODE,MANUAL,ADCS_REFERENCE,SUN,TARGET,0.00,POINTING_ERROR,5.90,SUN_ERROR,5.89,MAG_ERROR,-101.85,GYRO_Z,0.159,RW_CMD,0
TM,EST_RAW,-5.89,EST_FILTERED,-5.89,EST_ANGLE,-5.90,EST_FILTER,ON,EST_FILTER_TYPE,MOVING_AVERAGE,EST_MA_WINDOW,1,EST_FILTER_STRENGTH,0.35
TM,EST_FUSION,ON,EST_GYRO_WEIGHT,0.98,EST_VALID,1
TM,TEAM_CR,230,135974,30.0,32.8,32.6,-2.6,-1.3,9.1,31.3,-14.4,9,1
TM,TEAM_CR,231,136015,30.0,32.4,32.5,-2.5,-1.4,9.8,31.2,-14.1,10,1
TM,TEAM_CR,232,136054,30.0,32.5,32.5,-2.5,-0.1,7.4,31.1,-13.8,8,1
TM,TEAM_CR,233,136094,30.0,32.5,32.4,-2.4,-1.1,9.7,31.0,-13.5,10,1
TM,TEAM_CR,234,136134,30.0,32.4,32.4,-2.4,-0.9,9.6,30.9,-13.3,10,1
TM,TEAM_CR,235,136185,30.0,32.4,32.4,-2.4,-0.1,8.3,30.8,-13.0,8,1
TM,TEAM_CR,236,136225,30.0,32.7,32.4,-2.4,-0.7,9.7,30.7,-12.8,10,1
TM,TEAM_CR,237,136264,30.0,32.4,32.4,-2.4,-0.3,9.1,30.6,-12.5,9,1
TM,TEAM_CR,238,136304,30.0,32.4,32.4,-2.4,0.0,8.6,30.5,-12.3,9,1
TM,TEAM_CR,239,136354,30.0,32.3,32.4,-2.4,-0.4,9.7,30.4,-12.0,10,1
TM,TEAM_CR,240,136394,30.0,32.3,32.4,-2.4,-0.1,9.2,30.3,-11.8,9,1
TM,TEAM_CR,241,136435,30.0,32.1,32.4,-2.4,0.1,9.0,30.2,-11.5,9,1
TM,SUN_L,3668,SUN_R,3710,SUN_NDV,-0.0057,SUN_ANGLE,-5.94
TM,MAG_X,-9.70,MAG_Y,46.05,MAG_Z,11.70,MAG_HEADING,101.89
TM,GYRO_X,-1.505,GYRO_Y,-2.188,GYRO_Z,-0.209,BODY_RATE,0.209
TM,TEAM_CR,242,136474,30.0,32.4,32.3,-2.3,-0.7,10.8,30.1,-11.3,11,1
TM,TEAM_CR,243,136514,30.0,32.4,32.3,-2.3,0.1,9.3,30.1,-11.1,9,1
TM,TEAM_CR,244,136554,30.0,32.3,32.3,-2.3,0.3,9.1,30.0,-10.9,9,1
TM,TEAM_CR,245,136594,30.0,32.4,32.3,-2.3,-0.4,10.7,29.9,-10.7,11,1
TM,TEAM_CR,246,136634,30.0,32.5,32.3,-2.3,-0.2,10.4,29.8,-10.4,10,1
TM,TEAM_CR,247,136686,30.0,32.3,32.3,-2.3,0.1,9.9,29.7,-10.2,10,1
TM,TEAM_CR,248,136725,30.0,32.4,32.3,-2.3,0.0,10.2,29.6,-10.0,10,1
TM,TEAM_CR,249,136773,30.0,32.4,32.3,-2.3,-0.3,10.8,29.5,-9.8,11,1
TM,TEAM_CR,250,136813,30.0,32.3,32.3,-2.3,0.2,10.0,29.4,-9.6,10,1
TM,TEAM_CR,251,136854,30.0,32.2,32.3,-2.3,-0.2,10.9,29.3,-9.4,11,1
TM,TEAM_CR,252,136893,30.0,32.5,32.3,-2.3,0.0,10.6,29.2,-9.3,11,1
TM,TEAM_CR,253,136936,30.0,32.4,32.3,-2.3,0.0,10.7,29.1,-9.1,11,1
TM,ADCS_MODE,MANUAL,ADCS_REFERENCE,SUN,TARGET,0.00,POINTING_ERROR,5.92,SUN_ERROR,5.93,MAG_ERROR,-101.99,GYRO_Z,-0.034,RW_CMD,0
TM,EST_RAW,-5.93,EST_FILTERED,-5.93,EST_ANGLE,-5.92,EST_FILTER,ON,EST_FILTER_TYPE,MOVING_AVERAGE,EST_MA_WINDOW,1,EST_FILTER_STRENGTH,0.35
TM,EST_FUSION,ON,EST_GYRO_WEIGHT,0.98,EST_VALID,1
TM,TEAM_CR,254,136975,30.0,32.4,32.3,-2.3,0.0,10.8,29.0,-8.9,11,1
TM,TEAM_CR,255,137015,30.0,32.3,32.4,-2.4,0.3,10.1,28.9,-8.7,10,1
TM,TEAM_CR,256,137055,30.0,32.4,32.4,-2.4,0.0,10.8,28.8,-8.5,11,1
TM,TEAM_CR,257,137095,30.0,32.4,32.3,-2.3,-0.3,11.6,28.7,-8.4,12,1
TM,TEAM_CR,258,137135,30.0,32.3,32.3,-2.3,-0.1,11.1,28.6,-8.2,11,1
TM,TEAM_CR,259,137185,30.0,32.5,32.4,-2.4,0.1,10.8,28.6,-8.1,11,1
TM,SUN_L,3670,SUN_R,3710,SUN_NDV,-0.0054,SUN_ANGLE,-5.90
TM,MAG_X,-9.78,MAG_Y,46.02,MAG_Z,11.76,MAG_HEADING,101.99
TM,GYRO_X,-1.164,GYRO_Y,-1.942,GYRO_Z,-0.130,BODY_RATE,0.130
TM,TEAM_CR,260,137225,30.0,32.4,32.3,-2.3,-0.5,12.0,28.5,-7.9,12,1
TM,TEAM_CR,261,137265,30.0,32.2,32.3,-2.3,0.2,10.8,28.4,-7.7,11,1
TM,TEAM_CR,262,137305,30.0,32.4,32.4,-2.4,0.0,11.2,28.3,-7.6,11,1
TM,TEAM_CR,263,137354,30.0,32.3,32.3,-2.3,-0.8,13.0,28.2,-7.4,13,1
TM,TEAM_CR,264,137394,30.0,32.2,32.3,-2.3,0.0,11.5,28.1,-7.3,12,1
TM,TEAM_CR,265,137435,30.0,32.3,32.3,-2.3,0.6,10.1,28.0,-7.1,10,1
TM,TEAM_CR,266,137475,30.0,32.4,32.3,-2.3,-0.4,12.2,27.9,-7.0,12,1
TM,TEAM_CR,267,137515,30.0,32.3,32.3,-2.3,-0.3,12.2,27.8,-6.9,12,1
TM,TEAM_CR,268,137555,30.0,32.4,32.3,-2.3,0.1,11.4,27.7,-6.7,11,1
TM,TEAM_CR,269,137599,30.0,32.5,32.3,-2.3,0.2,-8.8,27.6,-26.4,8,1
TM,TEAM_CR,270,137635,30.0,32.5,32.3,-2.3,-0.4,-7.0,27.5,-25.9,-7,1
TM,TEAM_CR,271,137686,30.0,32.3,32.3,-2.3,-1.6,-4.0,27.4,-25.4,-4,1
TM,TEAM_CR,272,137726,30.0,32.4,32.2,-2.2,-2.3,-1.9,27.3,-24.9,-2,1
TM,TEAM_CR,273,137775,30.0,32.3,32.0,-2.0,-2.8,0.1,27.3,-24.4,0,1
TM,TEAM_CR,274,137814,30.0,32.3,32.0,-2.0,-1.9,-1.1,27.2,-23.9,-1,1
TM,TEAM_CR,275,137854,30.0,32.0,31.9,-1.9,-2.2,0.1,27.1,-23.4,0,1
TM,TEAM_CR,276,137894,30.0,32.1,31.8,-1.8,-2.8,2.3,27.0,-22.9,2,1
TM,ADCS_MODE,MANUAL,ADCS_REFERENCE,SUN,TARGET,0.00,POINTING_ERROR,5.89,SUN_ERROR,5.51,MAG_ERROR,-101.87,GYRO_Z,0.360,RW_CMD,0
TM,EST_RAW,-5.51,EST_FILTERED,-5.51,EST_ANGLE,-5.89,EST_FILTER,ON,EST_FILTER_TYPE,MOVING_AVERAGE,EST_MA_WINDOW,1,EST_FILTER_STRENGTH,0.35
TM,EST_FUSION,ON,EST_GYRO_WEIGHT,0.98,EST_VALID,1
TM,TEAM_CR,277,137935,30.0,31.8,31.7,-1.7,-2.9,3.2,27.0,-22.5,3,1
TM,SUN_L,3670,SUN_R,3708,SUN_NDV,-0.0052,SUN_ANGLE,-5.76
TM,MAG_X,-9.66,MAG_Y,45.97,MAG_Z,11.41,MAG_HEADING,101.87
TM,GYRO_X,-1.242,GYRO_Y,-1.829,GYRO_Z,-0.095,BODY_RATE,0.095
TM,TEAM_CR,278,137975,30.0,31.4,31.6,-1.6,-3.6,5.6,26.9,-22.0,6,1
TM,TEAM_CR,279,138015,30.0,31.3,31.4,-1.4,-4.2,8.0,26.8,-21.6,8,1
TM,TEAM_CR,280,138055,30.0,31.1,31.2,-1.2,-3.6,7.8,26.8,-21.2,8,1
TM,TEAM_CR,281,138095,30.0,30.8,31.1,-1.1,-2.9,7.2,26.8,-20.8,7,1
TM,TEAM_CR,282,138142,30.0,30.6,30.9,-0.9,-3.4,9.3,26.7,-20.3,9,1
TM,TEAM_CR,283,138201,-30.0,30.5,30.7,-60.7,-3.4,-210.6,25.5,0.0,-3,17
TM,TEAM_CR,284,138241,-30.0,30.4,30.5,-60.5,-4.2,-208.3,25.5,0.0,-23,17
TM,TEAM_CR,285,138281,-30.0,29.9,30.2,-60.2,-8.7,-198.2,25.5,0.0,-43,17
TM,TEAM_CR,286,138321,-30.0,29.6,29.7,-59.7,-15.1,-183.1,25.5,0.0,-60,17
TM,TEAM_CR,287,138362,-30.0,28.7,28.9,-58.9,-21.3,-167.7,25.5,0.0,-60,17
TM,TEAM_CR,288,138401,-30.0,27.6,27.8,-57.8,-29.0,-147.8,25.5,0.0,-60,17
TM,TEAM_CR,289,138446,-30.0,25.8,26.2,-56.2,-38.1,-123.0,25.5,0.0,-60,17
TM,TEAM_CR,290,138487,-30.0,24.6,24.4,-54.4,-46.7,-98.7,25.5,0.0,-60,17
TM,TEAM_CR,291,138526,-30.0,24.1,22.4,-52.4,-53.6,-76.9,25.5,0.0,-60,17
TM,TEAM_CR,292,138601,-30.0,21.6,17.6,-47.6,-69.4,-27.1,24.5,0.0,-53,1
TM,TEAM_CR,293,138648,-30.0,20.1,14.2,-44.2,-77.8,1.4,22.7,0.0,-29,1
TM,TEAM_CR,294,138691,-30.0,18.1,11.0,-41.0,-82.0,20.9,21.1,0.0,-8,1
TM,TEAM_CR,295,138731,-30.0,14.9,7.9,-37.9,-85.6,39.1,19.5,0.0,13,1
TM,TEAM_CR,296,138781,-30.0,10.4,4.0,-34.0,-83.5,49.1,18.1,0.0,37,1
TM,SUN_L,3671,SUN_R,3707,SUN_NDV,-0.0049,SUN_ANGLE,-5.75
TM,MAG_X,-9.65,MAG_Y,46.02,MAG_Z,11.76,MAG_HEADING,101.84
TM,GYRO_X,-1.076,GYRO_Y,-2.301,GYRO_Z,-0.174,BODY_RATE,0.174
TM,TEAM_CR,297,138820,-30.0,9.1,1.1,-31.1,-80.0,52.6,16.9,0.0,53,1
TM,TEAM_CR,298,138860,-30.0,5.1,-1.7,-28.3,-74.2,50.7,15.7,0.0,51,1
TM,ADCS_MODE,MANUAL,ADCS_REFERENCE,SUN,TARGET,0.00,POINTING_ERROR,5.89,SUN_ERROR,5.75,MAG_ERROR,-101.84,GYRO_Z,0.089,RW_CMD,0
TM,EST_RAW,-5.75,EST_FILTERED,-5.75,EST_ANGLE,-5.89,EST_FILTER,ON,EST_FILTER_TYPE,MOVING_AVERAGE,EST_MA_WINDOW,1,EST_FILTER_STRENGTH,0.35
TM,EST_FUSION,ON,EST_GYRO_WEIGHT,0.98,EST_VALID,1
TM,TEAM_CR,299,138900,-30.0,2.3,-4.2,-25.8,-69.5,50.6,14.6,0.0,51,1
TM,TEAM_CR,300,138967,-30.0,-0.9,-8.1,-21.9,-59.2,44.5,13.7,0.0,51,1
TM,TEAM_CR,301,139016,-30.0,-4.0,-10.5,-19.5,-52.5,39.8,12.9,0.0,43,1
TM,TEAM_CR,302,139056,-30.0,-6.6,-12.2,-17.8,-48.4,37.9,12.2,0.0,38,1
TM,TEAM_CR,303,139096,-30.0,-10.6,-13.9,-16.1,-44.5,36.1,11.5,0.0,36,1
TM,TEAM_CR,304,139137,-30.0,-13.0,-15.5,-14.5,-41.2,35.3,10.9,0.0,36,1
TM,TEAM_CR,305,139176,-30.0,-13.5,-16.9,-13.1,-37.7,33.2,10.4,0.0,33,1
TM,TEAM_CR,306,139217,-30.0,-15.4,-18.2,-11.8,-35.3,33.4,9.9,0.0,33,1
TM,TEAM_CR,307,139257,-30.0,-16.8,-19.4,-10.6,-32.0,31.1,9.5,0.0,33,1
TM,TEAM_CR,308,139297,-30.0,-18.1,-20.5,-9.5,-28.2,27.4,9.1,0.0,27,1
TM,TEAM_CR,309,139337,-30.0,-19.7,-21.5,-8.5,-25.6,25.7,8.7,0.0,26,1
TM,TEAM_CR,310,139377,-30.0,-20.9,-22.4,-7.6,-24.0,25.9,8.4,0.0,26,1
TM,TEAM_CR,311,139417,-30.0,-22.1,-23.2,-6.8,-19.6,20.0,8.1,0.0,22,1
TM,TEAM_CR,312,139457,-30.0,-23.1,-23.8,-6.2,-17.0,17.3,7.9,0.0,17,1
TM,TEAM_CR,313,139502,-30.0,-24.1,-24.6,-5.4,-16.1,18.0,7.7,0.0,18,1
TM,TEAM_CR,314,139542,-30.0,-25.0,-25.1,-4.9,-14.6,17.3,7.5,0.0,17,1
TM,TEAM_CR,315,139598,-30.0,-25.8,-25.8,-4.2,-11.8,14.1,7.3,0.0,14,1
TM,SUN_L,3667,SUN_R,3709,SUN_NDV,-0.0057,SUN_ANGLE,-6.72
TM,MAG_X,-9.74,MAG_Y,46.05,MAG_Z,11.79,MAG_HEADING,101.95
TM,GYRO_X,-1.409,GYRO_Y,-1.837,GYRO_Z,0.045,BODY_RATE,-0.045
TM,TEAM_CR,316,139637,-30.0,-26.0,-26.3,-3.7,-11.5,15.2,7.1,0.0,15,1
TM,TEAM_CR,317,139677,-30.0,-26.5,-26.7,-3.3,-10.4,14.6,7.0,0.0,15,1
TM,TEAM_CR,318,139717,-30.0,-27.0,-27.1,-2.9,-9.4,14.0,6.9,0.0,14,1
TM,TEAM_CR,319,139757,-30.0,-27.2,-27.4,-2.6,-7.4,11.2,6.8,0.0,12,1
TM,TEAM_CR,320,139797,-30.0,-27.4,-27.7,-2.3,-7.4,12.1,6.7,0.0,12,1
TM,TEAM_CR,321,139837,-30.0,-27.9,-27.9,-2.1,-6.2,10.7,6.6,0.0,11,1
TM,ADCS_MODE,MANUAL,ADCS_REFERENCE,SUN,TARGET,0.00,POINTING_ERROR,5.93,SUN_ERROR,5.83,MAG_ERROR,-101.90,GYRO_Z,0.019,RW_CMD,0
TM,EST_RAW,-5.83,EST_FILTERED,-5.83,EST_ANGLE,-5.93,EST_FILTER,ON,EST_FILTER_TYPE,MOVING_AVERAGE,EST_MA_WINDOW,1,EST_FILTER_STRENGTH,0.35
TM,EST_FUSION,ON,EST_GYRO_WEIGHT,0.98,EST_VALID,1
TM,TEAM_CR,322,139877,-30.0,-28.0,-28.1,-1.9,-4.2,7.5,6.5,0.0,9,1
TM,TEAM_CR,323,139917,-30.0,-28.0,-28.2,-1.8,-3.3,5.9,6.4,0.0,6,1
TM,TEAM_CR,324,139957,-30.0,-28.3,-28.4,-1.6,-3.7,7.2,6.4,0.0,7,1
TM,TEAM_CR,325,140017,-30.0,-28.4,-28.5,-1.5,-2.3,5.1,6.3,0.0,5,1
TM,TEAM_CR,326,140057,-30.0,-28.6,-28.6,-1.4,-2.7,6.1,6.3,0.0,6,1
TM,TEAM_CR,327,140097,-30.0,-28.6,-28.7,-1.3,-3.4,8.0,6.2,0.0,8,1
TM,TEAM_CR,328,140137,-30.0,-28.7,-28.9,-1.1,-2.7,7.0,6.2,0.0,7,1
TM,TEAM_CR,329,140177,-30.0,-29.0,-29.0,-1.0,-2.9,7.8,6.1,0.0,8,1
TM,TEAM_CR,330,140217,-30.0,-29.2,-29.1,-0.9,-3.6,9.8,6.1,0.0,10,1
TM,TEAM_CR,331,140257,-30.0,-29.2,-29.3,-0.7,-3.8,10.8,6.0,0.0,11,1
TM,TEAM_CR,332,140297,-30.0,-29.4,-29.4,-0.6,-3.0,9.6,6.0,0.0,10,1
TM,TEAM_CR,333,140337,-30.0,-29.5,-29.5,-0.5,-3.1,6.0,6.0,0.0,8,1
TM,SUN_L,3670,SUN_R,3708,SUN_NDV,-0.0052,SUN_ANGLE,-5.78
TM,MAG_X,-9.68,MAG_Y,45.92,MAG_Z,11.87,MAG_HEADING,101.90
TM,GYRO_X,-0.945,GYRO_Y,-2.223,GYRO_Z,0.027,BODY_RATE,-0.027
TM,TEAM_CR,334,140377,-30.0,-29.7,-29.7,-0.3,-3.6,6.0,6.0,0.0,6,1
TM,TEAM_CR,335,140419,-30.0,-30.0,-29.8,-0.2,-4.1,6.0,6.0,0.0,6,1
TM,TEAM_CR,336,140458,-30.0,-30.3,-30.0,0.0,-4.3,6.0,6.0,0.0,6,1
TM,TEAM_CR,337,140503,-30.0,-30.4,-30.2,0.2,-4.6,6.0,6.0,0.0,6,1
TM,TEAM_CR,338,140542,-30.0,-31.0,-30.4,0.4,-6.1,6.0,6.0,0.0,6,1
TM,TEAM_CR,339,140582,-30.0,-31.0,-30.7,0.7,-6.0,20.8,6.0,0.0,18,1
TM,TEAM_CR,340,140622,-30.0,-30.9,-30.9,0.9,-3.9,17.5,6.1,0.0,20,1
TM,TEAM_CR,341,140662,-30.0,-31.0,-31.0,1.0,-1.2,12.4,6.1,0.0,12,1
TM,TEAM_CR,342,140702,-30.0,-31.4,-31.0,1.0,-0.5,6.1,6.1,0.0,6,3
TM,TEAM_CR,343,140752,-30.0,-31.2,-31.0,1.0,-0.6,8.8,6.1,0.0,9,3
TM,TEAM_CR,344,140799,-30.0,-31.2,-31.1,1.1,-1.4,9.8,6.2,0.0,10,3
TM,ADCS_MODE,MANUAL,ADCS_REFERENCE,SUN,TARGET,0.00,POINTING_ERROR,5.92,SUN_ERROR,5.82,MAG_ERROR,-101.90,GYRO_Z,-0.008,RW_CMD,0
TM,EST_RAW,-5.82,EST_FILTERED,-5.82,EST_ANGLE,-5.92,EST_FILTER,ON,EST_FILTER_TYPE,MOVING_AVERAGE,EST_MA_WINDOW,1,EST_FILTER_STRENGTH,0.35
TM,EST_FUSION,ON,EST_GYRO_WEIGHT,0.98,EST_VALID,1
TM,TEAM_CR,345,140839,-30.0,-31.3,-31.2,1.2,-1.3,9.7,6.2,0.0,10,3
TM,TEAM_CR,346,140880,-30.0,-31.3,-31.2,1.2,0.1,8.4,6.2,0.0,8,3
TM,TEAM_CR,347,140920,-30.0,-31.2,-31.2,1.2,0.1,8.5,6.2,0.0,8,3
TM,TEAM_CR,348,140959,-30.0,-31.3,-31.2,1.2,-1.3,10.0,6.2,0.0,10,3
TM,TEAM_CR,349,141003,-30.0,-31.4,-31.3,1.3,-1.2,10.0,6.3,0.0,10,3
TM,TEAM_CR,350,141042,-30.0,-31.2,-31.3,1.3,-0.2,9.1,6.3,0.0,9,3
TM,TEAM_CR,351,141082,-30.0,-31.6,-31.3,1.3,-0.2,9.2,6.3,0.0,9,3
TM,SUN_L,3671,SUN_R,3709,SUN_NDV,-0.0051,SUN_ANGLE,-5.85
TM,MAG_X,-9.60,MAG_Y,46.06,MAG_Z,11.54,MAG_HEADING,101.77
TM,GYRO_X,-1.225,GYRO_Y,-1.942,GYRO_Z,0.106,BODY_RATE,-0.106
TM,TEAM_CR,352,141122,-30.0,-31.6,-31.3,1.3,-1.0,10.0,6.3,0.0,10,3
TM,TEAM_CR,353,141162,-30.0,-31.4,-31.4,1.4,-0.3,9.4,6.4,0.0,9,3
TM,TEAM_CR,354,141202,-30.0,-31.5,-31.4,1.4,0.2,9.0,6.4,0.0,9,3
TM,TEAM_CR,355,141253,-30.0,-31.4,-31.4,1.4,-0.6,9.7,6.4,0.0,10,3
TM,TEAM_CR,356,141292,-30.0,-31.6,-31.4,1.4,-0.9,10.2,6.5,0.0,10,3
TM,TEAM_CR,357,141340,-30.0,-31.3,-31.4,1.4,0.1,9.2,6.5,0.0,9,3
TM,TEAM_CR,358,141381,-30.0,-31.5,-31.5,1.5,-0.3,9.7,6.5,0.0,10,3
TM,TEAM_CR,359,141420,-30.0,-31.4,-31.5,1.5,-0.7,10.2,6.5,0.0,10,3
TM,TEAM_CR,360,141460,-30.0,-31.6,-31.5,1.5,-0.5,10.1,6.6,0.0,10,3
TM,TEAM_CR,361,141502,-30.0,-31.5,-31.5,1.5,0.2,9.5,6.6,0.0,9,3
TM,TEAM_CR,362,141542,-30.0,-31.6,-31.5,1.5,-0.2,9.8,6.6,0.0,10,3
TM,TEAM_CR,363,141582,-30.0,-31.6,-31.5,1.5,-0.7,10.4,6.7,0.0,10,3
TM,TEAM_CR,364,141622,-30.0,-31.5,-31.6,1.6,-0.6,10.4,6.7,0.0,10,3
TM,TEAM_CR,365,141662,-30.0,-31.6,-31.6,1.6,-0.1,9.9,6.7,0.0,10,3
TM,TEAM_CR,366,141702,-30.0,-31.7,-31.6,1.6,-0.4,10.3,6.8,0.0,10,3
TM,TEAM_CR,367,141751,-30.0,-31.6,-31.6,1.6,-0.5,10.5,6.8,0.0,10,3
TM,ADCS_MODE,MANUAL,ADCS_REFERENCE,SUN,TARGET,0.00,POINTING_ERROR,5.93,SUN_ERROR,6.05,MAG_ERROR,-101.97,GYRO_Z,-0.051,RW_CMD,0
TM,EST_RAW,-6.05,EST_FILTERED,-6.05,EST_ANGLE,-5.93,EST_FILTER,ON,EST_FILTER_TYPE,MOVING_AVERAGE,EST_MA_WINDOW,1,EST_FILTER_STRENGTH,0.35
TM,EST_FUSION,ON,EST_GYRO_WEIGHT,0.98,EST_VALID,1
TM,TEAM_CR,368,141801,-30.0,-31.8,-31.6,1.6,0.0,10.0,6.8,0.0,10,3
TM,TEAM_CR,369,141842,-30.0,-31.7,-31.6,1.6,-0.1,10.2,6.9,0.0,10,3
TM,SUN_L,3670,SUN_R,3708,SUN_NDV,-0.0052,SUN_ANGLE,-6.04
TM,MAG_X,-9.76,MAG_Y,46.02,MAG_Z,11.82,MAG_HEADING,101.97
TM,GYRO_X,-1.067,GYRO_Y,-1.995,GYRO_Z,-0.025,BODY_RATE,0.025
TM,TEAM_CR,370,141882,-30.0,-31.8,-31.6,1.6,-0.5,10.7,6.9,0.0,11,3
TM,TEAM_CR,371,141921,-30.0,-31.9,-31.7,1.7,-0.7,11.0,6.9,0.0,11,3
TM,TEAM_CR,372,141961,-30.0,-31.6,-31.7,1.7,0.0,10.3,7.0,0.0,10,3
TM,TEAM_CR,373,142001,-30.0,-31.7,-31.7,1.7,0.3,10.0,7.0,0.0,10,3
TM,TEAM_CR,374,142041,-30.0,-31.8,-31.7,1.7,-0.5,10.9,7.0,0.0,11,3
TM,TEAM_CR,375,142081,-30.0,-31.7,-31.7,1.7,-0.5,10.9,7.1,0.0,11,3
TM,TEAM_CR,376,142121,-30.0,-31.8,-31.7,1.7,-0.1,10.7,7.1,0.0,11,3
TM,TEAM_CR,377,142161,-30.0,-31.7,-31.7,1.7,0.1,10.5,7.1,0.0,10,3
TM,TEAM_CR,378,142201,-30.0,-31.7,-31.7,1.7,-1.0,11.6,7.2,0.0,12,3
TM,TEAM_CR,379,142252,-30.0,-31.5,-31.8,1.8,-0.7,11.4,7.2,0.0,11,3
TM,TEAM_CR,380,142292,-30.0,-31.8,-31.8,1.8,0.1,10.6,7.2,0.0,11,3
TM,TEAM_CR,381,142332,-30.0,-31.8,-31.8,1.8,-0.3,11.0,7.3,0.0,11,3
TM,TEAM_CR,382,142372,-30.0,-31.8,-31.8,1.8,-0.5,11.4,7.3,0.0,11,3
TM,TEAM_CR,383,142420,-30.0,-31.8,-31.8,1.8,-0.1,11.0,7.3,0.0,11,3
TM,TEAM_CR,384,142460,-30.0,-31.9,-31.8,1.8,-0.2,11.2,7.4,0.0,11,3
TM,TEAM_CR,385,142501,-30.0,-31.8,-31.8,1.8,-0.4,11.4,7.4,0.0,11,3
TM,TEAM_CR,386,142541,-30.0,-31.9,-31.8,1.8,-0.7,11.9,7.4,0.0,12,3
TM,TEAM_CR,387,142581,-30.0,-31.8,-31.9,1.9,-0.2,11.4,7.5,0.0,11,3
TM,TEAM_CR,388,142621,-30.0,-31.7,-31.8,1.8,0.0,11.2,7.5,0.0,11,3
TM,SUN_L,3669,SUN_R,3709,SUN_NDV,-0.0054,SUN_ANGLE,-6.20
TM,MAG_X,-9.63,MAG_Y,46.00,MAG_Z,11.84,MAG_HEADING,101.83
TM,GYRO_X,-0.936,GYRO_Y,-2.188,GYRO_Z,-0.148,BODY_RATE,0.148
TM,TEAM_CR,389,142662,-30.0,-31.7,-31.9,1.9,-0.6,11.8,7.6,0.0,12,3
TM,ADCS_MODE,MANUAL,ADCS_REFERENCE,SUN,TARGET,0.00,POINTING_ERROR,5.92,SUN_ERROR,6.12,MAG_ERROR,-101.91,GYRO_Z,0.001,RW_CMD,0
TM,EST_RAW,-6.12,EST_FILTERED,-6.12,EST_ANGLE,-5.92,EST_FILTER,ON,EST_FILTER_TYPE,MOVING_AVERAGE,EST_MA_WINDOW,1,EST_FILTER_STRENGTH,0.35
TM,EST_FUSION,ON,EST_GYRO_WEIGHT,0.98,EST_VALID,1
TM,TEAM_CR,390,142701,-30.0,-31.7,-31.9,1.9,-0.4,11.8,7.6,0.0,12,3
TM,TEAM_CR,391,142751,-30.0,-31.7,-31.9,1.9,0.0,11.4,7.6,0.0,11,3
TM,TEAM_CR,392,142800,-30.0,-31.8,-31.9,1.9,-0.4,11.8,7.7,0.0,12,3
TM,TEAM_CR,393,142840,-30.0,-31.9,-31.9,1.9,-0.6,12.1,7.7,0.0,12,3
TM,TEAM_CR,394,142880,-30.0,-32.0,-31.9,1.9,-0.7,12.3,7.7,0.0,12,3
TM,TEAM_CR,395,142920,-30.0,-31.9,-31.9,1.9,0.0,11.6,7.8,0.0,12,3
TM,TEAM_CR,396,142960,-30.0,-32.0,-31.9,1.9,0.0,11.7,7.8,0.0,12,3
TM,TEAM_CR,397,143002,-30.0,-31.9,-31.9,1.9,-0.1,11.8,7.9,0.0,12,3
TM,TEAM_CR,398,143042,-30.0,-31.9,-31.9,1.9,-0.4,12.2,7.9,0.0,12,3
TM,TEAM_CR,399,143082,-30.0,-31.9,-31.9,1.9,0.0,11.9,7.9,0.0,12,3
TM,TEAM_CR,400,143123,-30.0,-31.9,-32.0,2.0,-0.5,12.4,8.0,0.0,12,3
TM,TEAM_CR,401,143162,-30.0,-32.0,-32.0,2.0,-0.5,12.4,8.0,0.0,12,3
TM,TEAM_CR,402,143210,-30.0,-32.0,-32.0,2.0,-0.8,37.7,8.1,19.8,19,1
TM,TEAM_CR,403,143251,-30.0,-32.1,-32.0,2.0,0.2,35.4,8.2,19.4,35,1
TM,TEAM_CR,404,143291,-30.0,-32.1,-32.0,2.0,0.1,35.3,8.2,19.0,35,1
TM,TEAM_CR,405,143331,-30.0,-32.0,-32.0,2.0,0.2,34.8,8.3,18.6,35,1
TM,TEAM_CR,406,143372,-30.0,-31.9,-32.0,2.0,0.3,34.0,8.4,18.3,34,1
TM,SUN_L,3669,SUN_R,3710,SUN_NDV,-0.0056,SUN_ANGLE,-6.07
TM,MAG_X,-9.66,MAG_Y,45.86,MAG_Z,11.68,MAG_HEADING,101.90
TM,GYRO_X,-1.120,GYRO_Y,-1.986,GYRO_Z,0.036,BODY_RATE,-0.036
TM,TEAM_CR,407,143421,-30.0,-31.9,-31.9,1.9,0.6,33.1,8.5,17.9,33,1
TM,TEAM_CR,408,143461,-30.0,-31.9,-31.9,1.9,-0.2,34.5,8.6,17.6,34,1
TM,TEAM_CR,409,143501,-30.0,-31.9,-31.9,1.9,0.0,33.8,8.6,17.2,34,1
TM,TEAM_CR,410,143541,-30.0,-32.0,-31.9,1.9,-0.1,33.7,8.7,16.9,34,1
TM,TEAM_CR,411,143581,-30.0,-31.8,-31.9,1.9,0.7,31.8,8.8,16.5,32,1
TM,TEAM_CR,412,143621,-30.0,-31.9,-31.9,1.9,-0.3,33.4,8.9,16.2,33,1
TM,ADCS_MODE,MANUAL,ADCS_REFERENCE,SUN,TARGET,0.00,POINTING_ERROR,5.93,SUN_ERROR,6.00,MAG_ERROR,-101.90,GYRO_Z,-0.156,RW_CMD,0
TM,EST_RAW,-6.00,EST_FILTERED,-6.00,EST_ANGLE,-5.93,EST_FILTER,ON,EST_FILTER_TYPE,MOVING_AVERAGE,EST_MA_WINDOW,1,EST_FILTER_STRENGTH,0.35
TM,EST_FUSION,ON,EST_GYRO_WEIGHT,0.98,EST_VALID,1
TM,TEAM_CR,413,143661,-30.0,-31.8,-31.9,1.9,-0.5,33.5,8.9,15.9,34,1
TM,TEAM_CR,414,143701,-30.0,-31.8,-31.9,1.9,0.3,31.6,9.0,15.6,32,1
TM,TEAM_CR,415,143753,-30.0,-31.8,-31.8,1.8,0.9,30.0,9.1,15.3,30,1
TM,TEAM_CR,416,143801,-30.0,-31.7,-31.8,1.8,-0.4,32.4,9.2,15.0,32,1
TM,TEAM_CR,417,143841,-30.0,-31.8,-31.8,1.8,0.1,31.2,9.2,14.7,31,1
TM,TEAM_CR,418,143881,-30.0,-32.0,-31.8,1.8,0.6,30.0,9.3,14.4,30,1
TM,TEAM_CR,419,143921,-30.0,-31.8,-31.8,1.8,-0.1,31.1,9.4,14.1,31,1
TM,TEAM_CR,420,143962,-30.0,-31.7,-31.8,1.8,-0.4,31.5,9.5,13.8,31,1
TM,TEAM_CR,421,144003,-30.0,-31.7,-31.8,1.8,0.3,29.7,9.5,13.5,30,1
TM,TEAM_CR,422,144043,-30.0,-31.7,-31.8,1.8,0.5,29.2,9.6,13.3,29,1
TM,TEAM_CR,423,144082,-30.0,-31.7,-31.8,1.8,-0.3,30.6,9.7,13.0,31,1
TM,TEAM_CR,424,144122,-30.0,-31.7,-31.8,1.8,0.1,29.5,9.7,12.8,29,1
TM,SUN_L,3670,SUN_R,3708,SUN_NDV,-0.0052,SUN_ANGLE,-5.84
TM,MAG_X,-9.92,MAG_Y,45.74,MAG_Z,11.79,MAG_HEADING,102.24
TM,GYRO_X,-1.067,GYRO_Y,-2.074,GYRO_Z,-0.235,BODY_RATE,0.235
TM,TEAM_CR,425,144162,-30.0,-31.8,-31.8,1.8,0.1,29.3,9.8,12.5,29,1
TM,TEAM_CR,426,144202,-30.0,-31.7,-31.8,1.8,0.5,28.3,9.9,12.3,28,1
TM,TEAM_CR,427,144252,-30.0,-31.7,-31.8,1.8,-0.3,29.7,9.9,12.0,30,1
TM,TEAM_CR,428,144292,-30.0,-31.8,-31.8,1.8,0.1,28.8,10.0,11.8,29,1
TM,TEAM_CR,429,144332,-30.0,-31.7,-31.8,1.8,0.4,27.9,10.1,11.5,28,1
TM,TEAM_CR,430,144372,-30.0,-31.7,-31.8,1.8,-0.3,29.2,10.2,11.3,29,1
TM,TEAM_CR,431,144423,-30.0,-31.6,-31.8,1.8,0.2,28.2,10.2,11.1,28,1
TM,TEAM_CR,432,144462,-30.0,-31.7,-31.7,1.7,0.8,26.7,10.3,10.9,27,1
TM,TEAM_CR,433,144502,-30.0,-31.6,-31.7,1.7,-0.4,29.0,10.4,10.7,29,1
TM,TEAM_CR,434,144542,-30.0,-31.7,-31.8,1.8,-0.9,29.8,10.4,10.4,30,1
TM,TEAM_CR,435,144582,-30.0,-31.8,-31.8,1.8,0.4,27.2,10.5,10.2,27,1
TM,ADCS_MODE,MANUAL,ADCS_REFERENCE,SUN,TARGET,0.00,POINTING_ERROR,5.95,SUN_ERROR,6.30,MAG_ERROR,-101.86,GYRO_Z,0.001,RW_CMD,0
TM,EST_RAW,-6.30,EST_FILTERED,-6.30,EST_ANGLE,-5.95,EST_FILTER,ON,EST_FILTER_TYPE,MOVING_AVERAGE,EST_MA_WINDOW,1,EST_FILTER_STRENGTH,0.35
TM,EST_FUSION,ON,EST_GYRO_WEIGHT,0.98,EST_VALID,1
TM,TEAM_CR,436,144622,-30.0,-31.7,-31.7,1.7,0.4,26.9,10.6,10.0,27,1
TM,TEAM_CR,437,144662,-30.0,-31.7,-31.8,1.8,-0.6,28.8,10.7,9.8,29,1
TM,TEAM_CR,438,144702,-30.0,-31.7,-31.8,1.8,-0.1,27.8,10.7,9.6,28,1
TM,TEAM_CR,439,144751,-30.0,-31.6,-31.8,1.8,0.1,27.1,10.8,9.4,27,1
TM,TEAM_CR,440,144801,-30.0,-31.8,-31.8,1.8,-0.5,28.3,10.9,9.3,28,1
TM,TEAM_CR,441,144841,-30.0,-31.8,-31.8,1.8,-0.4,28.0,10.9,9.1,28,1
TM,TEAM_CR,442,144880,-30.0,-31.5,-31.8,1.8,0.5,26.1,11.0,8.9,26,1
TM,SUN_L,3670,SUN_R,3708,SUN_NDV,-0.0052,SUN_ANGLE,-5.96
TM,MAG_X,-9.63,MAG_Y,45.86,MAG_Z,11.76,MAG_HEADING,101.86
TM,GYRO_X,-1.234,GYRO_Y,-1.768,GYRO_Z,0.089,BODY_RATE,-0.089
TM,TEAM_CR,443,144920,-30.0,-31.7,-31.8,1.8,-0.2,27.2,11.1,8.7,27,1
TM,TEAM_CR,444,144960,-30.0,-31.7,-31.8,1.8,-0.6,28.1,11.1,8.5,28,1
TM,TEAM_CR,445,145002,-30.0,-31.8,-31.8,1.8,0.1,26.6,11.2,8.4,27,1
TM,TEAM_CR,446,145041,-30.0,-31.7,-31.8,1.8,0.4,25.9,11.3,8.2,26,1
TM,TEAM_CR,447,145081,-30.0,-31.7,-31.8,1.8,-0.3,27.3,11.4,8.1,27,1
TM,TEAM_CR,448,145121,-30.0,-31.7,-31.8,1.8,-0.2,26.9,11.4,7.9,27,1
TM,TEAM_CR,449,145161,-30.0,-31.8,-31.8,1.8,0.1,26.3,11.5,7.7,26,1
TM,TEAM_CR,450,145201,-30.0,-31.7,-31.8,1.8,-0.3,27.1,11.6,7.6,27,1
TM,TEAM_CR,451,145252,-30.0,-31.7,-31.8,1.8,-0.3,27.0,11.6,7.4,27,1
TM,TEAM_CR,452,145292,-30.0,-31.8,-31.8,1.8,0.3,25.6,11.7,7.3,26,1
TM,TEAM_CR,453,145332,-30.0,-31.8,-31.8,1.8,0.0,26.3,11.8,7.1,26,1
TM,TEAM_CR,454,145372,-30.0,-31.7,-31.8,1.8,-0.6,27.3,11.9,7.0,27,1
TM,TEAM_CR,455,145421,-30.0,-31.7,-31.8,1.8,0.3,25.4,11.9,6.9,25,1
TM,TEAM_CR,456,145461,-30.0,-31.7,-31.8,1.8,-0.1,26.1,12.0,6.7,26,1
TM,TEAM_CR,457,145501,-30.0,-31.8,-31.8,1.8,-0.7,27.4,12.1,6.6,27,1
TM,TEAM_CR,458,145541,-30.0,-31.7,-31.8,1.8,0.0,25.9,12.2,6.5,26,1
TM,ADCS_MODE,MANUAL,ADCS_REFERENCE,SUN,TARGET,0.00,POINTING_ERROR,5.95,SUN_ERROR,5.90,MAG_ERROR,-102.18,GYRO_Z,-0.095,RW_CMD,0
TM,EST_RAW,-5.90,EST_FILTERED,-5.90,EST_ANGLE,-5.95,EST_FILTER,ON,EST_FILTER_TYPE,MOVING_AVERAGE,EST_MA_WINDOW,1,EST_FILTER_STRENGTH,0.35
TM,EST_FUSION,ON,EST_GYRO_WEIGHT,0.98,EST_VALID,1
TM,TEAM_CR,459,145581,-30.0,-31.8,-31.8,1.8,0.0,25.9,12.2,6.3,26,1
TM,TEAM_CR,460,145621,-30.0,-31.7,-31.8,1.8,-0.7,27.2,12.3,6.2,27,1
TM,SUN_L,3669,SUN_R,3709,SUN_NDV,-0.0054,SUN_ANGLE,-6.20
TM,MAG_X,-9.71,MAG_Y,45.86,MAG_Z,11.78,MAG_HEADING,101.96
TM,GYRO_X,-1.094,GYRO_Y,-1.942,GYRO_Z,0.045,BODY_RATE,-0.045
TM,TEAM_CR,461,145661,-30.0,-31.7,-31.8,1.8,-0.2,26.2,12.4,6.1,26,1
TM,TEAM_CR,462,145701,-30.0,-31.7,-31.8,1.8,0.4,25.0,12.4,6.0,25,1
TM,TEAM_CR,463,145751,-30.0,-31.8,-31.9,1.9,-1.0,27.8,12.5,5.8,28,1
TM,TEAM_CR,464,145802,-30.0,-31.6,-31.9,1.9,-0.1,26.0,12.6,5.7,26,1
TM,TEAM_CR,465,145859,0.0,-31.9,-31.9,31.9,-0.5,141.7,13.2,0.0,38,9
TM,TEAM_CR,466,145899,0.0,-31.9,-31.9,31.9,0.5,139.6,13.2,0.0,58,9
TM,TEAM_CR,467,145939,0.0,-31.7,-31.7,31.7,3.8,132.5,13.2,0.0,60,9
TM,TEAM_CR,468,145982,0.0,-31.7,-31.6,31.6,3.6,132.2,13.2,0.0,60,9
TM,TEAM_CR,469,146022,0.0,-31.4,-31.5,31.5,1.5,136.2,13.2,0.0,60,9
TM,TEAM_CR,470,146062,0.0,-31.2,-31.5,31.5,0.1,138.8,13.2,0.0,60,9
TM,TEAM_CR,471,146102,0.0,-31.4,-31.5,31.5,0.2,138.7,13.2,0.0,60,9
TM,TEAM_CR,472,146143,0.0,-31.3,-31.4,31.4,1.4,136.1,13.2,0.0,60,9
TM,TEAM_CR,473,146182,0.0,-31.3,-31.3,31.3,3.0,132.6,13.2,0.0,60,9
TM,TEAM_CR,474,146232,0.0,-31.1,-31.3,31.3,0.8,136.6,13.2,0.0,60,9
TM,TEAM_CR,475,146290,0.0,-31.4,-31.2,31.2,1.7,134.6,13.2,0.0,60,9
TM,TEAM_CR,476,146332,0.0,-31.0,-31.1,31.1,1.0,135.6,13.2,0.0,60,9
TM,TEAM_CR,477,146380,0.0,-31.0,-31.1,31.1,0.2,137.2,13.2,0.0,60,9
TM,TEAM_CR,478,146421,0.0,-30.9,-31.0,31.0,2.8,131.7,13.2,0.0,60,9
TM,TEAM_CR,479,146461,0.0,-30.9,-30.9,30.9,3.6,129.5,13.2,0.0,60,9
TM,SUN_L,3670,SUN_R,3710,SUN_NDV,-0.0054,SUN_ANGLE,-5.99
TM,MAG_X,-9.73,MAG_Y,45.89,MAG_Z,11.78,MAG_HEADING,101.97
TM,GYRO_X,-1.155,GYRO_Y,-1.873,GYRO_Z,0.089,BODY_RATE,-0.089
TM,TEAM_CR,480,146501,0.0,-30.8,-30.7,30.7,2.2,131.9,13.2,0.0,60,9
TM,ADCS_MODE,MANUAL,ADCS_REFERENCE,SUN,TARGET,0.00,POINTING_ERROR,5.97,SUN_ERROR,6.08,MAG_ERROR,-101.97,GYRO_Z,-0.025,RW_CMD,0
TM,EST_RAW,-6.08,EST_FILTERED,-6.08,EST_ANGLE,-5.97,EST_FILTER,ON,EST_FILTER_TYPE,MOVING_AVERAGE,EST_MA_WINDOW,1,EST_FILTER_STRENGTH,0.35
TM,EST_FUSION,ON,EST_GYRO_WEIGHT,0.98,EST_VALID,1
TM,TEAM_CR,481,146541,0.0,-30.7,-30.6,30.6,3.4,128.9,13.2,0.0,60,9
TM,TEAM_CR,482,146581,0.0,-30.5,-30.5,30.5,4.2,126.6,13.2,0.0,60,9
TM,TEAM_CR,483,146653,0.0,-30.2,-30.3,30.3,2.5,129.3,13.2,0.0,60,9
TM,TEAM_CR,484,146693,0.0,-30.2,-30.1,30.1,4.7,124.3,13.2,0.0,60,9
TM,TEAM_CR,485,146733,0.0,-30.0,-29.9,29.9,7.3,118.1,13.2,0.0,60,9
TM,TEAM_CR,486,146773,0.0,-29.3,-29.5,29.5,10.1,111.1,13.2,0.0,60,9
TM,TEAM_CR,487,146820,0.0,-28.9,-28.9,28.9,13.2,102.5,13.2,0.0,60,9
TM,TEAM_CR,488,146860,0.0,-28.3,-28.3,28.3,14.8,96.9,13.2,0.0,60,9
TM,TEAM_CR,489,146900,0.0,-27.8,-27.6,27.6,18.4,87.1,13.2,0.0,60,9
TM,TEAM_CR,490,146940,0.0,-27.1,-26.9,26.9,20.6,79.5,13.2,0.0,60,9
TM,TEAM_CR,491,146982,0.0,-26.1,-25.9,25.9,23.3,70.2,13.2,0.0,60,9
TM,TEAM_CR,492,147022,0.0,-24.9,-24.9,24.9,26.5,59.8,13.2,0.0,60,1
TM,TEAM_CR,493,147063,0.0,-23.1,-23.7,23.7,30.1,48.9,14.2,0.0,53,1
TM,TEAM_CR,494,147102,0.0,-22.6,-22.5,22.5,31.7,41.6,15.1,0.0,43,1
TM,TEAM_CR,495,147142,0.0,-20.8,-21.2,21.2,32.2,36.3,16.0,0.0,38,1
TM,TEAM_CR,496,147182,0.0,-19.5,-19.9,19.9,31.7,32.8,16.8,0.0,33,1
TM,TEAM_CR,497,147233,0.0,-17.0,-18.3,18.3,30.2,30.2,17.5,0.0,30,1
TM,SUN_L,3669,SUN_R,3709,SUN_NDV,-0.0054,SUN_ANGLE,-5.86
TM,MAG_X,-9.71,MAG_Y,45.84,MAG_Z,11.62,MAG_HEADING,101.96
TM,GYRO_X,-1.278,GYRO_Y,-1.925,GYRO_Z,-0.183,BODY_RATE,0.183
TM,TEAM_CR,498,147273,0.0,-15.9,-17.1,17.1,29.0,28.6,18.2,0.0,29,1
TM,TEAM_CR,499,147312,0.0,-15.2,-15.9,15.9,28.7,25.0,18.9,0.0,25,1
TM,TEAM_CR,500,147352,0.0,-13.8,-14.8,14.8,27.1,24.2,19.5,0.0,24,1
TM,TEAM_CR,501,147402,0.0,-12.0,-13.4,13.4,26.1,21.4,20.0,0.0,21,1
TM,TEAM_CR,502,147441,0.0,-10.1,-12.4,12.4,23.8,22.3,20.5,0.0,22,1
TM,TEAM_CR,503,147482,0.0,-8.7,-11.3,11.3,22.6,21.2,21.0,0.0,21,1
TM,ADCS_MODE,MANUAL,ADCS_REFERENCE,SUN,TARGET,0.00,POINTING_ERROR,5.96,SUN_ERROR,6.02,MAG_ERROR,-101.96,GYRO_Z,0.027,RW_CMD,0
TM,EST_RAW,-6.02,EST_FILTERED,-6.02,EST_ANGLE,-5.96,EST_FILTER,ON,EST_FILTER_TYPE,MOVING_AVERAGE,EST_MA_WINDOW,1,EST_FILTER_STRENGTH,0.35
TM,EST_FUSION,ON,EST_GYRO_WEIGHT,0.98,EST_VALID,1
TM,TEAM_CR,504,147521,0.0,-8.6,-10.4,10.4,20.7,21.7,21.4,0.0,22,1
TM,TEAM_CR,505,147561,0.0,-6.3,-9.5,9.5,19.2,21.6,21.8,0.0,22,1
TM,TEAM_CR,506,147601,0.0,-5.3,-8.7,8.7,18.0,20.7,22.2,0.0,21,1
TM,TEAM_CR,507,147641,0.0,-4.4,-7.9,7.9,15.5,22.9,22.5,0.0,23,1
TM,TEAM_CR,508,147681,0.0,-3.9,-7.1,7.1,15.0,21.2,22.8,0.0,21,1
TM,TEAM_CR,509,147732,0.0,-3.2,-6.3,6.3,12.4,23.5,23.0,0.0,23,1
TM,TEAM_CR,510,147772,0.0,-2.8,-5.7,5.7,11.2,23.8,23.3,0.0,24,1
TM,TEAM_CR,511,147821,0.0,-2.5,-5.1,5.1,10.2,23.6,23.5,0.0,24,1
TM,TEAM_CR,512,147861,0.0,-2.3,-4.7,4.7,8.1,26.2,23.7,0.0,26,1
TM,TEAM_CR,513,147902,0.0,-1.9,-4.3,4.3,8.2,24.4,23.8,0.0,25,1
TM,TEAM_CR,514,147941,0.0,-1.8,-3.9,3.9,6.3,26.9,24.0,0.0,27,1
TM,TEAM_CR,515,147982,0.0,-1.4,-3.6,3.6,5.5,27.5,24.1,0.0,28,1
TM,SUN_L,3669,SUN_R,3708,SUN_NDV,-0.0053,SUN_ANGLE,-6.04
TM,MAG_X,-9.62,MAG_Y,45.81,MAG_Z,11.84,MAG_HEADING,101.86
TM,GYRO_X,-1.164,GYRO_Y,-2.196,GYRO_Z,0.132,BODY_RATE,-0.132
TM,TEAM_CR,516,148022,0.0,-1.2,-3.3,3.3,5.3,26.9,24.3,0.0,27,1
TM,TEAM_CR,517,148062,0.0,-0.8,-3.0,3.0,3.9,28.7,24.4,0.0,29,1
TM,TEAM_CR,518,148102,0.0,-0.7,-2.8,2.8,4.6,26.3,24.5,0.0,26,1
TM,TEAM_CR,519,148142,0.0,-0.5,-2.5,2.5,3.1,28.5,24.6,0.0,28,1
TM,TEAM_CR,520,148182,0.0,-0.3,-2.3,2.3,2.9,28.1,24.7,0.0,28,1
TM,TEAM_CR,521,148231,0.0,-0.4,-2.1,2.1,2.3,28.8,24.8,0.0,29,1
TM,TEAM_CR,522,148271,0.0,-0.2,-2.0,2.0,2.4,28.0,24.9,0.0,28,1
TM,TEAM_CR,523,148311,0.0,-0.2,-1.8,1.8,2.8,26.5,25.0,0.0,27,1
TM,TEAM_CR,524,148351,0.0,0.0,-1.7,1.7,1.3,29.2,25.0,0.0,29,1
TM,TEAM_CR,525,148402,0.0,0.0,-1.5,1.5,1.9,27.4,25.1,0.0,27,1
TM,TEAM_CR,526,148442,0.0,0.1,-1.4,1.4,1.0,28.7,25.1,0.0,29,1
TM,ADCS_MODE,MANUAL,ADCS_REFERENCE,SUN,TARGET,0.00,POINTING_ERROR,5.95,SUN_ERROR,5.66,MAG_ERROR,-101.81,GYRO_Z,0.089,RW_CMD,0
TM,EST_RAW,-5.66,EST_FILTERED,-5.66,EST_ANGLE,-5.95,EST_FILTER,ON,EST_FILTER_TYPE,MOVING_AVERAGE,EST_MA_WINDOW,1,EST_FILTER_STRENGTH,0.35
TM,EST_FUSION,ON,EST_GYRO_WEIGHT,0.98,EST_VALID,1
TM,TEAM_CR,527,148486,0.0,0.1,-1.3,1.3,1.6,27.2,25.2,0.0,27,1
TM,TEAM_CR,528,148526,0.0,0.1,-1.2,1.2,0.8,28.3,25.2,0.0,28,1
TM,TEAM_CR,529,148566,0.0,0.0,-1.1,1.1,0.8,28.2,25.3,0.0,28,1
TM,TEAM_CR,530,148606,0.0,0.2,-1.0,1.0,1.3,26.7,25.3,0.0,27,1
TM,TEAM_CR,531,148646,0.0,0.2,-0.9,0.9,0.3,28.6,25.4,0.0,29,1
TM,TEAM_CR,532,148686,0.0,0.2,-0.9,0.9,1.2,26.5,25.4,0.0,27,1
TM,TEAM_CR,533,148732,0.0,0.1,-0.8,0.8,0.3,28.0,25.4,0.0,27,1
TM,SUN_L,3668,SUN_R,3707,SUN_NDV,-0.0053,SUN_ANGLE,-5.92
TM,MAG_X,-9.76,MAG_Y,45.97,MAG_Z,11.87,MAG_HEADING,101.99
TM,GYRO_X,-1.234,GYRO_Y,-2.336,GYRO_Z,-0.034,BODY_RATE,0.034
TM,TEAM_CR,534,148771,0.0,0.3,-0.8,0.8,0.1,28.2,25.5,0.0,28,1
TM,TEAM_CR,535,148825,0.0,0.2,-0.7,0.7,0.5,27.2,25.5,0.0,27,1
TM,TEAM_CR,536,148864,0.0,0.3,-0.6,0.6,0.1,27.8,25.5,0.0,28,1
TM,TEAM_CR,537,148904,0.0,0.3,-0.6,0.6,1.2,25.5,25.5,0.0,27,1
TM,TEAM_CR,538,148944,0.0,0.3,-0.5,0.5,-0.2,28.2,25.6,0.0,28,1
TM,TEAM_CR,539,148984,0.0,0.4,-0.5,0.5,0.8,25.6,25.6,0.0,26,1
TM,TEAM_CR,540,149042,0.0,0.2,-0.5,0.5,-0.6,25.6,25.6,0.0,26,1
TM,TEAM_CR,541,149082,0.0,0.3,-0.4,0.4,0.5,25.6,25.6,0.0,26,1
TM,TEAM_CR,542,149126,0.0,0.2,-0.4,0.4,-0.4,25.6,25.6,0.0,26,3
TM,TEAM_CR,543,149163,0.0,0.4,-0.4,0.4,-0.2,25.6,25.6,0.0,26,3
TM,TEAM_CR,544,149205,0.0,0.1,-0.4,0.4,0.2,25.6,25.6,0.0,26,3
TM,TEAM_CR,545,149252,0.0,0.3,-0.4,0.4,-0.2,25.6,25.6,0.0,26,3
TM,TEAM_CR,546,149292,0.0,0.0,-0.3,0.3,0.4,25.6,25.6,0.0,26,3
TM,TEAM_CR,547,149332,0.0,0.2,-0.4,0.4,-1.0,25.6,25.6,0.0,26,3
TM,TEAM_CR,548,149372,0.0,0.1,-0.4,0.4,-0.6,25.6,25.6,0.0,26,3
TM,TEAM_CR,549,149424,0.0,0.2,-0.4,0.4,-1.1,25.6,25.6,0.0,26,3
TM,ADCS_MODE,MANUAL,ADCS_REFERENCE,SUN,TARGET,0.00,POINTING_ERROR,5.95,SUN_ERROR,5.84,MAG_ERROR,-101.91,GYRO_Z,0.185,RW_CMD,0
TM,EST_RAW,-5.84,EST_FILTERED,-5.84,EST_ANGLE,-5.95,EST_FILTER,ON,EST_FILTER_TYPE,MOVING_AVERAGE,EST_MA_WINDOW,1,EST_FILTER_STRENGTH,0.35
TM,EST_FUSION,ON,EST_GYRO_WEIGHT,0.98,EST_VALID,1
TM,TEAM_CR,550,149464,0.0,0.2,-0.4,0.4,-0.2,25.6,25.6,0.0,26,3
TM,TEAM_CR,551,149504,0.0,0.2,-0.3,0.3,-0.4,25.6,25.6,0.0,26,3
TM,SUN_L,3670,SUN_R,3709,SUN_NDV,-0.0053,SUN_ANGLE,-5.88
TM,MAG_X,-9.68,MAG_Y,45.90,MAG_Z,11.68,MAG_HEADING,101.91
TM,GYRO_X,-1.085,GYRO_Y,-2.021,GYRO_Z,-0.209,BODY_RATE,0.209
TM,TEAM_CR,552,149544,0.0,0.1,-0.4,0.4,-0.9,25.6,25.6,0.0,26,3
TM,TEAM_CR,553,149584,0.0,0.1,-0.4,0.4,-0.3,25.6,25.6,0.0,26,3
TM,TEAM_CR,554,149624,0.0,0.2,-0.4,0.4,-1.2,25.6,25.6,0.0,26,3
TM,TEAM_CR,555,149664,0.0,0.3,-0.4,0.4,-0.5,25.6,25.6,0.0,26,3
TM,TEAM_CR,556,149704,0.0,0.0,-0.4,0.4,-3.0,25.6,25.6,0.0,26,3
TM,TEAM_CR,557,149752,0.0,0.2,-0.4,0.4,-0.9,25.6,25.6,0.0,26,3
TM,TEAM_CR,558,149804,0.0,0.0,-0.5,0.5,-1.4,25.6,25.6,0.0,26,3
TM,TEAM_CR,559,149844,0.0,-0.1,-0.5,0.5,-1.0,25.6,25.6,0.0,26,3
TM,TEAM_CR,560,149884,0.0,-0.2,-0.5,0.5,-0.4,25.6,25.6,0.0,26,3
TM,TEAM_CR,561,149924,0.0,0.1,-0.5,0.5,-1.2,25.6,25.6,0.0,26,3
TM,TEAM_CR,562,149964,0.0,0.0,-0.5,0.5,-0.5,25.6,25.6,0.0,26,3
TM,TEAM_CR,563,150004,0.0,-0.1,-0.6,0.6,-1.6,25.6,25.6,0.0,26,3
TM,TEAM_CR,564,150044,0.0,0.1,-0.6,0.6,-1.0,25.6,25.6,0.0,26,3
TM,TEAM_CR,565,150085,0.0,-0.1,-0.6,0.6,-0.8,25.6,25.6,0.0,26,3
TM,TEAM_CR,566,150124,0.0,-0.1,-0.6,0.6,-1.3,25.6,25.6,0.0,26,3
TM,TEAM_CR,567,150184,0.0,-0.3,-0.7,0.7,-1.1,25.6,25.6,0.0,26,3
TM,TEAM_CR,568,150232,0.0,-0.3,-0.7,0.7,-1.2,25.6,25.6,0.0,26,3
TM,TEAM_CR,569,150271,0.0,-0.5,-0.8,0.8,-0.7,25.6,25.6,0.0,26,3
TM,TEAM_CR,570,150311,0.0,-0.4,-0.8,0.8,-2.2,25.6,25.6,0.0,26,3
TM,SUN_L,3670,SUN_R,3709,SUN_NDV,-0.0053,SUN_ANGLE,-6.08
TM,MAG_X,-9.63,MAG_Y,45.90,MAG_Z,11.60,MAG_HEADING,101.85
TM,GYRO_X,-1.190,GYRO_Y,-1.960,GYRO_Z,0.220,BODY_RATE,-0.220
TM,TEAM_CR,571,150351,0.0,-0.5,-0.8,0.8,-1.0,25.6,25.6,0.0,26,3
TM,ADCS_MODE,MANUAL,ADCS_REFERENCE,SUN,TARGET,0.00,POINTING_ERROR,5.97,SUN_ERROR,6.09,MAG_ERROR,-101.85,GYRO_Z,0.010,RW_CMD,0
TM,EST_RAW,-6.09,EST_FILTERED,-6.09,EST_ANGLE,-5.97,EST_FILTER,ON,EST_FILTER_TYPE,MOVING_AVERAGE,EST_MA_WINDOW,1,EST_FILTER_STRENGTH,0.35
TM,EST_FUSION,ON,EST_GYRO_WEIGHT,0.98,EST_VALID,1
TM,TEAM_CR,572,150403,0.0,-0.6,-0.9,0.9,-2.2,25.6,25.6,0.0,26,3
TM,TEAM_CR,573,150443,0.0,-0.7,-1.0,1.0,-1.1,25.6,25.6,0.0,26,3
TM,TEAM_CR,574,150484,0.0,-0.6,-1.0,1.0,-2.1,29.8,25.6,0.0,29,3
TM,TEAM_CR,575,150523,0.0,-0.8,-1.1,1.1,-1.0,28.7,25.6,0.0,29,3
TM,TEAM_CR,576,150563,0.0,-0.9,-1.1,1.1,-0.6,28.4,25.6,0.0,28,3
TM,TEAM_CR,577,150604,0.0,-0.7,-1.1,1.1,-0.2,28.0,25.7,0.0,28,3
TM,TEAM_CR,578,150644,0.0,-0.8,-1.1,1.1,0.3,27.5,25.7,0.0,28,3
TM,TEAM_CR,579,150684,0.0,-1.1,-1.1,1.1,-0.8,28.6,25.7,0.0,29,3
TM,TEAM_CR,580,150731,0.0,-1.0,-1.1,1.1,0.7,27.1,25.7,0.0,27,3
TM,TEAM_CR,581,150771,0.0,-0.6,-1.0,1.0,-0.7,28.5,25.7,0.0,29,3
TM,TEAM_CR,582,150824,0.0,-1.0,-1.0,1.0,0.5,27.3,25.8,0.0,27,3
TM,TEAM_CR,583,150864,0.0,-0.9,-1.0,1.0,-0.5,28.3,25.8,0.0,28,3
TM,TEAM_CR,584,150904,0.0,-0.6,-1.0,1.0,0.0,27.8,25.8,0.0,28,3
TM,TEAM_CR,585,150944,0.0,-0.9,-1.0,1.0,-0.1,25.8,25.8,0.0,26,3
TM,TEAM_CR,586,150985,0.0,-1.0,-1.0,1.0,0.0,27.8,25.8,0.0,28,3
TM,TEAM_CR,587,151024,0.0,-1.0,-1.0,1.0,0.6,25.8,25.8,0.0,26,3
TM,TEAM_CR,588,151064,0.0,-1.0,-1.0,1.0,-1.1,29.0,25.8,0.0,28,3
TM,SUN_L,3669,SUN_R,3710,SUN_NDV,-0.0056,SUN_ANGLE,-5.65
TM,MAG_X,-9.78,MAG_Y,45.81,MAG_Z,11.78,MAG_HEADING,102.05
TM,GYRO_X,-1.269,GYRO_Y,-2.021,GYRO_Z,0.010,BODY_RATE,-0.010
TM,TEAM_CR,589,151104,0.0,-0.9,-1.0,1.0,0.2,27.7,25.8,0.0,28,3
TM,TEAM_CR,590,151144,0.0,-1.0,-1.0,1.0,-0.7,28.6,25.9,0.0,29,3
TM,TEAM_CR,591,151184,0.0,-0.9,-1.0,1.0,0.2,27.8,25.9,0.0,28,3
TM,TEAM_CR,592,151232,0.0,-0.9,-1.0,1.0,-0.2,28.1,25.9,0.0,28,3
TM,TEAM_CR,593,151272,0.0,-0.5,-1.0,1.0,0.6,27.3,25.9,0.0,28,3
TM,TEAM_CR,594,151312,0.0,-0.9,-1.0,1.0,0.4,25.9,25.9,0.0,26,3
TM,ADCS_MODE,MANUAL,ADCS_REFERENCE,SUN,TARGET,0.00,POINTING_ERROR,5.96,SUN_ERROR,6.12,MAG_ERROR,-102.06,GYRO_Z,0.167,RW_CMD,0
TM,EST_RAW,-6.12,EST_FILTERED,-6.12,EST_ANGLE,-5.96,EST_FILTER,ON,EST_FILTER_TYPE,MOVING_AVERAGE,EST_MA_WINDOW,1,EST_FILTER_STRENGTH,0.35
TM,EST_FUSION,ON,EST_GYRO_WEIGHT,0.98,EST_VALID,1
TM,TEAM_CR,595,151352,0.0,-0.9,-1.0,1.0,-0.5,28.4,25.9,0.0,28,3
TM,TEAM_CR,596,151404,0.0,-0.9,-1.0,1.0,0.5,25.9,25.9,0.0,26,3
TM,TEAM_CR,597,151445,0.0,-1.0,-1.0,1.0,-0.3,25.9,25.9,0.0,26,3
TM,TEAM_CR,598,151484,0.0,-0.8,-1.0,1.0,0.2,25.9,25.9,0.0,26,3
TM,TEAM_CR,599,151524,0.0,-0.9,-1.0,1.0,-0.9,25.9,25.9,0.0,26,3
TM,TEAM_CR,600,151564,0.0,-0.8,-1.0,1.0,0.0,25.9,25.9,0.0,26,3
TM,TEAM_CR,601,151604,0.0,-1.2,-1.0,1.0,-0.4,28.3,26.0,0.0,28,3
TM,TEAM_CR,602,151644,0.0,-0.7,-1.0,1.0,-0.1,28.1,26.0,0.0,28,3
TM,TEAM_CR,603,151684,0.0,-0.9,-1.0,1.0,0.4,27.6,26.0,0.0,28,3
TM,TEAM_CR,604,151732,0.0,-0.9,-1.0,1.0,0.1,28.0,26.0,0.0,28,3
TM,TEAM_CR,605,151771,0.0,-0.9,-1.0,1.0,0.5,26.0,26.0,0.0,27,3
TM,TEAM_CR,606,151824,0.0,-0.8,-1.0,1.0,-0.5,28.5,26.0,0.0,29,3
TM,SUN_L,3668,SUN_R,3708,SUN_NDV,-0.0054,SUN_ANGLE,-6.05
TM,MAG_X,-9.66,MAG_Y,46.00,MAG_Z,11.74,MAG_HEADING,101.86
TM,GYRO_X,-1.024,GYRO_Y,-2.135,GYRO_Z,-0.165,BODY_RATE,0.165
TM,TEAM_CR,607,151865,0.0,-1.0,-1.0,1.0,0.3,27.7,26.1,0.0,28,3
TM,TEAM_CR,608,151904,0.0,-1.0,-1.0,1.0,-0.8,28.9,26.1,0.0,29,3
TM,TEAM_CR,609,151944,0.0,-0.9,-1.0,1.0,0.3,27.8,26.1,0.0,28,3
TM,TEAM_CR,610,151984,0.0,-1.0,-1.0,1.0,-0.8,28.9,26.1,0.0,29,3
TM,TEAM_CR,611,152024,0.0,-0.8,-1.0,1.0,-0.3,28.5,26.1,0.0,28,3
TM,TEAM_CR,612,152064,0.0,-1.1,-1.0,1.0,-1.0,29.2,26.2,0.0,29,3
TM,TEAM_CR,613,152104,0.0,-1.0,-1.1,1.1,-0.4,28.7,26.2,0.0,29,3
TM,TEAM_CR,614,152144,0.0,-0.9,-1.1,1.1,-0.1,28.5,26.2,0.0,28,3
TM,TEAM_CR,615,152184,0.0,-1.1,-1.1,1.1,-1.2,29.7,26.2,0.0,30,3
TM,TEAM_CR,616,152232,0.0,-0.9,-1.1,1.1,0.1,28.4,26.3,0.0,28,3
TM,TEAM_CR,617,152272,0.0,-1.1,-1.2,1.2,-1.2,29.8,26.3,0.0,30,3
TM,ADCS_MODE,MANUAL,ADCS_REFERENCE,SUN,TARGET,0.00,POINTING_ERROR,5.96,SUN_ERROR,6.16,MAG_ERROR,-101.90,GYRO_Z,0.167,RW_CMD,0
TM,EST_RAW,-6.16,EST_FILTERED,-6.16,EST_ANGLE,-5.96,EST_FILTER,ON,EST_FILTER_TYPE,MOVING_AVERAGE,EST_MA_WINDOW,1,EST_FILTER_STRENGTH,0.35
TM,EST_FUSION,ON,EST_GYRO_WEIGHT,0.98,EST_VALID,1
TM,TEAM_CR,618,152312,0.0,-1.0,-1.2,1.2,-0.4,29.1,26.3,0.0,29,3
TM,TEAM_CR,619,152366,0.0,-1.5,-1.2,1.2,-1.2,29.9,26.3,0.0,30,3
TM,TEAM_CR,620,152427,0.0,-1.4,-1.2,1.2,-0.2,29.0,26.3,0.0,29,3
TM,TEAM_CR,621,152482,0.0,-0.9,-1.3,1.3,-0.4,29.3,26.4,0.0,29,3
TM,TEAM_CR,622,152522,0.0,-1.4,-1.3,1.3,0.3,28.6,26.4,0.0,29,3
TM,TEAM_CR,623,152562,0.0,-1.2,-1.3,1.3,-1.1,30.2,26.4,0.0,30,3
TM,TEAM_CR,624,152612,0.0,-1.1,-1.3,1.3,-0.1,29.2,26.5,0.0,29,3
TM,SUN_L,3668,SUN_R,3708,SUN_NDV,-0.0054,SUN_ANGLE,-5.54
TM,MAG_X,-9.68,MAG_Y,45.94,MAG_Z,11.68,MAG_HEADING,101.90
TM,GYRO_X,-1.138,GYRO_Y,-1.995,GYRO_Z,0.071,BODY_RATE,-0.071
TM,TEAM_CR,625,152652,0.0,-1.1,-1.4,1.4,-1.3,30.5,26.5,0.0,31,3
TM,TEAM_CR,626,152734,0.0,-1.4,-1.4,1.4,-0.7,30.0,26.5,0.0,30,3
TM,TEAM_CR,627,152774,0.0,-1.3,-1.4,1.4,0.4,28.9,26.5,0.0,29,3
TM,TEAM_CR,628,152814,0.0,-1.2,-1.4,1.4,-0.8,30.1,26.6,0.0,30,3
TM,TEAM_CR,629,152855,0.0,-1.2,-1.4,1.4,0.3,29.0,26.6,0.0,29,3
TM,TEAM_CR,630,152895,0.0,-1.3,-1.4,1.4,-0.5,29.9,26.6,0.0,30,3
TM,TEAM_CR,631,152934,0.0,-1.4,-1.4,1.4,-0.2,29.6,26.6,0.0,30,3
TM,TEAM_CR,632,152974,0.0,-1.3,-1.4,1.4,0.8,28.6,26.7,0.0,29,3
TM,TEAM_CR,633,153034,0.0,-1.4,-1.4,1.4,0.0,29.5,26.7,0.0,29,3
TM,TEAM_CR,634,153074,0.0,-1.6,-1.4,1.4,-0.2,29.7,26.7,0.0,30,3
TM,TEAM_CR,635,153114,0.0,-1.5,-1.4,1.4,0.1,29.5,26.8,0.0,29,3
TM,TEAM_CR,636,153154,0.0,-1.4,-1.4,1.4,1.0,28.5,26.8,0.0,28,3
TM,TEAM_CR,637,153194,0.0,-1.1,-1.4,1.4,-0.8,30.4,26.8,0.0,30,3
TM,TEAM_CR,638,153234,0.0,-1.3,-1.4,1.4,0.8,28.8,26.8,0.0,29,3
TM,TEAM_CR,639,153274,0.0,-1.4,-1.4,1.4,-0.2,29.8,26.9,0.0,30,3
TM,TEAM_CR,640,153314,0.0,-1.3,-1.3,1.3,0.7,28.9,26.9,0.0,29,3
TM,ADCS_MODE,MANUAL,ADCS_REFERENCE,SUN,TARGET,0.00,POINTING_ERROR,5.97,SUN_ERROR,6.08,MAG_ERROR,-101.84,GYRO_Z,0.071,RW_CMD,0
TM,EST_RAW,-6.08,EST_FILTERED,-6.08,EST_ANGLE,-5.97,EST_FILTER,ON,EST_FILTER_TYPE,MOVING_AVERAGE,EST_MA_WINDOW,1,EST_FILTER_STRENGTH,0.35
TM,EST_FUSION,ON,EST_GYRO_WEIGHT,0.98,EST_VALID,1
TM,TEAM_CR,641,153354,0.0,-1.0,-1.3,1.3,0.3,29.3,26.9,0.0,29,3
TM,TEAM_CR,642,153394,0.0,-1.2,-1.3,1.3,0.4,29.2,26.9,0.0,29,3
TM,SUN_L,3669,SUN_R,3709,SUN_NDV,-0.0054,SUN_ANGLE,-5.82
TM,MAG_X,-9.62,MAG_Y,45.89,MAG_Z,11.79,MAG_HEADING,101.84
TM,GYRO_X,-1.400,GYRO_Y,-2.223,GYRO_Z,0.202,BODY_RATE,-0.202
TM,TEAM_CR,643,153434,0.0,-1.5,-1.3,1.3,0.8,28.7,27.0,0.0,29,3
TM,TEAM_CR,644,153474,0.0,-1.1,-1.3,1.3,0.7,28.8,27.0,0.0,29,3
TM,TEAM_CR,645,153518,0.0,-1.2,-1.2,1.2,0.0,29.5,27.0,0.0,29,3
TM,TEAM_CR,646,153558,0.0,-1.1,-1.2,1.2,-0.4,30.0,27.0,0.0,30,3
TM,TEAM_CR,647,153598,0.0,-1.2,-1.2,1.2,1.1,28.4,27.1,0.0,28,3
TM,TEAM_CR,648,153638,0.0,-1.3,-1.2,1.2,-0.6,30.2,27.1,0.0,30,3
TM,TEAM_CR,649,153678,0.0,-1.3,-1.2,1.2,0.4,29.2,27.1,0.0,29,3
TM,TEAM_CR,650,153718,0.0,-1.1,-1.2,1.2,-0.3,29.9,27.1,0.0,30,3
TM,TEAM_CR,651,153769,0.0,-1.0,-1.2,1.2,0.8,28.7,27.2,0.0,29,3
TM,TEAM_CR,652,153816,0.0,-1.0,-1.2,1.2,-0.6,30.1,27.2,0.0,30,3
TM,TEAM_CR,653,153856,0.0,-1.0,-1.2,1.2,0.6,29.0,27.2,0.0,29,3
TM,TEAM_CR,654,153896,0.0,-1.4,-1.2,1.2,-0.4,29.9,27.2,0.0,30,3
TM,TEAM_CR,655,153936,0.0,-1.0,-1.2,1.2,-0.1,29.7,27.3,0.0,30,3
TM,TEAM_CR,656,153976,0.0,-1.3,-1.2,1.2,-0.5,30.1,27.3,0.0,30,3
TM,TEAM_CR,657,154018,0.0,-0.9,-1.2,1.2,-0.2,29.8,27.3,0.0,30,3
TM,TEAM_CR,658,154058,0.0,-1.1,-1.2,1.2,0.5,29.1,27.3,0.0,29,3
TM,TEAM_CR,659,154098,0.0,-0.9,-1.2,1.2,-0.1,29.7,27.4,0.0,30,3
TM,TEAM_CR,660,154138,0.0,-1.1,-1.1,1.1,0.9,28.7,27.4,0.0,29,3
TM,TEAM_CR,661,154178,0.0,-1.3,-1.2,1.2,-0.8,30.5,27.4,0.0,31,3
TM,SUN_L,3669,SUN_R,3709,SUN_NDV,-0.0054,SUN_ANGLE,-5.94
TM,MAG_X,-9.68,MAG_Y,45.98,MAG_Z,11.70,MAG_HEADING,101.89
TM,GYRO_X,-1.164,GYRO_Y,-1.505,GYRO_Z,-0.401,BODY_RATE,0.401
TM,TEAM_CR,662,154218,0.0,-1.1,-1.1,1.1,1.1,28.6,27.4,0.0,29,3
TM,ADCS_MODE,MANUAL,ADCS_REFERENCE,SUN,TARGET,0.00,POINTING_ERROR,5.94,SUN_ERROR,6.12,MAG_ERROR,-101.89,GYRO_Z,0.019,RW_CMD,0
TM,EST_RAW,-6.12,EST_FILTERED,-6.12,EST_ANGLE,-5.94,EST_FILTER,ON,EST_FILTER_TYPE,MOVING_AVERAGE,EST_MA_WINDOW,1,EST_FILTER_STRENGTH,0.35
TM,EST_FUSION,ON,EST_GYRO_WEIGHT,0.98,EST_VALID,1
TM,TEAM_CR,663,154268,0.0,-1.1,-1.2,1.2,-0.7,30.4,27.4,0.0,30,3
TM,TEAM_CR,664,154308,0.0,-1.0,-1.1,1.1,0.9,28.8,27.5,0.0,29,3
TM,TEAM_CR,665,154348,0.0,-1.1,-1.1,1.1,-0.9,30.7,27.5,0.0,31,3
TM,TEAM_CR,666,154388,0.0,-1.1,-1.1,1.1,0.3,29.5,27.5,0.0,29,3
TM,TEAM_CR,667,154436,0.0,-1.3,-1.2,1.2,-0.7,30.6,27.5,0.0,31,3
TM,TEAM_CR,668,154476,0.0,-1.2,-1.2,1.2,0.3,29.6,27.6,0.0,30,3
TM,TEAM_CR,669,154519,0.0,-0.8,-1.1,1.1,-0.4,30.3,27.6,0.0,30,3
TM,TEAM_CR,670,154559,0.0,-1.1,-1.1,1.1,0.2,29.7,27.6,0.0,30,3
TM,TEAM_CR,671,154599,0.0,-1.3,-1.1,1.1,-0.4,30.3,27.6,0.0,30,3
TM,TEAM_CR,672,154639,0.0,-1.0,-1.1,1.1,0.4,29.5,27.7,0.0,30,3
TM,TEAM_CR,673,154679,0.0,-1.4,-1.1,1.1,-0.1,30.0,27.7,0.0,30,3
TM,TEAM_CR,674,154719,0.0,-0.9,-1.1,1.1,0.4,29.6,27.7,0.0,30,3
TM,TEAM_CR,675,154768,0.0,-1.2,-1.1,1.1,-0.1,30.0,27.7,0.0,30,3
TM,TEAM_CR,676,154817,0.0,-0.9,-1.1,1.1,0.1,29.8,27.7,0.0,30,3
TM,TEAM_CR,677,154857,0.0,-0.9,-1.1,1.1,0.3,29.7,27.8,0.0,30,3
TM,TEAM_CR,678,154897,0.0,-1.1,-1.1,1.1,-0.1,30.1,27.8,0.0,30,3
TM,TEAM_CR,679,154937,0.0,-1.2,-1.1,1.1,-0.1,30.1,27.8,0.0,30,3
TM,SUN_L,3670,SUN_R,3708,SUN_NDV,-0.0052,SUN_ANGLE,-5.84
TM,MAG_X,-9.70,MAG_Y,45.84,MAG_Z,11.47,MAG_HEADING,101.94
TM,GYRO_X,-1.391,GYRO_Y,-1.864,GYRO_Z,-0.025,BODY_RATE,0.025
TM,TEAM_CR,680,154977,0.0,-1.0,-1.1,1.1,-0.7,30.8,27.8,0.0,31,3
TM,TEAM_CR,681,155019,0.0,-1.0,-1.1,1.1,0.5,29.6,27.9,0.0,30,3
TM,TEAM_CR,682,155059,0.0,-1.1,-1.1,1.1,-0.3,30.4,27.9,0.0,30,3
TM,TEAM_CR,683,155101,0.0,-1.1,-1.1,1.1,0.6,29.5,27.9,0.0,30,3
TM,TEAM_CR,684,155141,0.0,-1.1,-1.1,1.1,-0.6,30.8,27.9,0.0,31,3
TM,TEAM_CR,685,155182,0.0,-1.2,-1.1,1.1,0.5,29.7,27.9,0.0,30,3
TM,ADCS_MODE,MANUAL,ADCS_REFERENCE,SUN,TARGET,0.00,POINTING_ERROR,5.95,SUN_ERROR,5.72,MAG_ERROR,-101.94,GYRO_Z,0.167,RW_CMD,0
TM,EST_RAW,-5.72,EST_FILTERED,-5.72,EST_ANGLE,-5.95,EST_FILTER,ON,EST_FILTER_TYPE,MOVING_AVERAGE,EST_MA_WINDOW,1,EST_FILTER_STRENGTH,0.35
TM,EST_FUSION,ON,EST_GYRO_WEIGHT,0.98,EST_VALID,1
TM,TEAM_CR,686,155222,0.0,-1.3,-1.1,1.1,-1.1,31.3,28.0,0.0,31,3
TM,TEAM_CR,687,155268,0.0,-1.2,-1.1,1.1,0.3,30.0,28.0,0.0,30,3
TM,TEAM_CR,688,155308,0.0,-1.2,-1.2,1.2,-0.8,31.1,28.0,0.0,31,3
TM,TEAM_CR,689,155348,0.0,-1.3,-1.2,1.2,0.1,30.3,28.0,0.0,30,3
TM,TEAM_CR,690,155389,0.0,-1.2,-1.2,1.2,-0.5,31.0,28.1,0.0,31,3
TM,TEAM_CR,691,155439,0.0,-1.2,-1.2,1.2,0.1,30.3,28.1,0.0,30,3
TM,TEAM_CR,692,155479,0.0,-1.0,-1.2,1.2,-0.7,31.2,28.1,0.0,31,3
TM,TEAM_CR,693,155519,0.0,-1.1,-1.2,1.2,0.1,30.4,28.1,0.0,30,3
TM,TEAM_CR,694,155559,0.0,-1.1,-1.2,1.2,-0.1,30.6,28.2,0.0,31,3
TM,TEAM_CR,695,155599,0.0,-1.0,-1.2,1.2,0.3,30.2,28.2,0.0,30,3
TM,TEAM_CR,696,155640,0.0,-1.4,-1.2,1.2,-0.1,30.6,28.2,0.0,31,3
TM,TEAM_CR,697,155679,0.0,-1.1,-1.2,1.2,0.0,30.6,28.2,0.0,31,3
TM,SUN_L,3670,SUN_R,3709,SUN_NDV,-0.0053,SUN_ANGLE,-5.90
TM,MAG_X,-9.62,MAG_Y,46.03,MAG_Z,11.74,MAG_HEADING,101.80
TM,GYRO_X,-1.190,GYRO_Y,-2.074,GYRO_Z,-0.375,BODY_RATE,0.375
TM,TEAM_CR,698,155719,0.0,-1.3,-1.2,1.2,0.0,30.7,28.2,0.0,31,3
TM,TEAM_CR,699,155768,0.0,-1.1,-1.2,1.2,0.5,30.2,28.3,0.0,30,3
TM,TEAM_CR,700,155819,0.0,-1.3,-1.2,1.2,-0.2,30.8,28.3,0.0,31,3
TM,TEAM_CR,701,155859,0.0,-1.1,-1.2,1.2,0.1,30.6,28.3,0.0,31,3
TM,TEAM_CR,702,155899,0.0,-1.6,-1.2,1.2,-0.3,31.1,28.3,0.0,31,3
TM,TEAM_CR,703,155939,0.0,-1.4,-1.2,1.2,0.4,30.4,28.4,0.0,30,3
TM,TEAM_CR,704,155979,0.0,-1.4,-1.2,1.2,-0.2,31.0,28.4,0.0,31,3
TM,TEAM_CR,705,156020,0.0,-1.0,-1.2,1.2,0.2,30.6,28.4,0.0,31,3
TM,TEAM_CR,706,156060,0.0,-1.1,-1.2,1.2,0.2,30.6,28.4,0.0,31,3
TM,TEAM_CR,707,156100,0.0,-1.0,-1.2,1.2,0.3,30.5,28.5,0.0,31,3
TM,TEAM_CR,708,156140,0.0,-1.2,-1.2,1.2,0.1,30.7,28.5,0.0,31,3
TM,ADCS_MODE,MANUAL,ADCS_REFERENCE,SUN,TARGET,0.00,POINTING_ERROR,5.96,SUN_ERROR,5.80,MAG_ERROR,-102.05,GYRO_Z,-0.051,RW_CMD,0
TM,EST_RAW,-5.80,EST_FILTERED,-5.80,EST_ANGLE,-5.96,EST_FILTER,ON,EST_FILTER_TYPE,MOVING_AVERAGE,EST_MA_WINDOW,1,EST_FILTER_STRENGTH,0.35
TM,EST_FUSION,ON,EST_GYRO_WEIGHT,0.98,EST_VALID,1
TM,TEAM_CR,709,156180,0.0,-1.3,-1.2,1.2,-0.4,31.3,28.5,0.0,31,3
TM,TEAM_CR,710,156220,0.0,-1.5,-1.2,1.2,0.3,30.6,28.5,0.0,31,3
TM,TEAM_CR,711,156270,0.0,-1.4,-1.2,1.2,-0.4,31.4,28.6,0.0,31,3
TM,TEAM_CR,712,156310,0.0,-1.2,-1.2,1.2,0.5,30.4,28.6,0.0,30,3
TM,TEAM_CR,713,156349,0.0,-1.3,-1.2,1.2,-0.2,31.3,28.6,0.0,31,3
TM,TEAM_CR,714,156389,0.0,-0.9,-1.2,1.2,0.3,30.7,28.6,0.0,31,3
TM,TEAM_CR,715,156439,0.0,-1.0,-1.2,1.2,-0.4,31.4,28.7,0.0,31,3
TM,SUN_L,3670,SUN_R,3708,SUN_NDV,-0.0052,SUN_ANGLE,-6.14
TM,MAG_X,-9.82,MAG_Y,46.03,MAG_Z,11.66,MAG_HEADING,102.05
TM,GYRO_X,-1.181,GYRO_Y,-1.855,GYRO_Z,0.220,BODY_RATE,-0.220
TM,TEAM_CR,716,156479,0.0,-1.1,-1.2,1.2,-0.2,31.3,28.7,0.0,31,3
TM,TEAM_CR,717,156520,0.0,-1.1,-1.2,1.2,-0.3,31.4,28.7,0.0,31,3
TM,TEAM_CR,718,156559,0.0,-1.2,-1.2,1.2,0.4,30.8,28.7,0.0,31,3
TM,TEAM_CR,719,156599,0.0,-1.2,-1.2,1.2,0.0,31.2,28.8,0.0,31,3
TM,TEAM_CR,720,156639,0.0,-1.4,-1.2,1.2,0.5,30.6,28.8,0.0,31,3
TM,TEAM_CR,721,156679,0.0,-1.7,-1.2,1.2,-0.3,31.5,28.8,0.0,32,3
TM,TEAM_CR,722,156719,0.0,-1.3,-1.2,1.2,0.7,30.5,28.8,0.0,30,3
TM,TEAM_CR,723,156769,0.0,-1.1,-1.2,1.2,0.1,31.2,28.8,0.0,31,3
TM,TEAM_CR,724,156819,0.0,-1.5,-1.2,1.2,0.2,31.1,28.9,0.0,31,3
TM,TEAM_CR,725,156859,0.0,-1.1,-1.2,1.2,0.1,31.1,28.9,0.0,31,3
TM,TEAM_CR,726,156899,0.0,-1.1,-1.2,1.2,0.7,30.6,28.9,0.0,31,3
TM,TEAM_CR,727,156939,0.0,-0.9,-1.1,1.1,0.5,30.7,28.9,0.0,31,3
TM,TEAM_CR,728,156980,0.0,-1.2,-1.1,1.1,0.7,30.5,29.0,0.0,30,3
TM,TEAM_CR,729,157019,0.0,-1.2,-1.1,1.1,0.0,31.3,29.0,0.0,31,3
TM,TEAM_CR,730,157059,0.0,-1.3,-1.1,1.1,0.4,30.9,29.0,0.0,31,3
TM,TEAM_CR,731,157099,0.0,-1.0,-1.1,1.1,-0.4,31.7,29.0,0.0,32,3
TM,ADCS_MODE,MANUAL,ADCS_REFERENCE,SUN,TARGET,0.00,POINTING_ERROR,5.96,SUN_ERROR,6.16,MAG_ERROR,-101.95,GYRO_Z,-0.043,RW_CMD,0
TM,EST_RAW,-6.16,EST_FILTERED,-6.16,EST_ANGLE,-5.96,EST_FILTER,ON,EST_FILTER_TYPE,MOVING_AVERAGE,EST_MA_WINDOW,1,EST_FILTER_STRENGTH,0.35
TM,EST_FUSION,ON,EST_GYRO_WEIGHT,0.98,EST_VALID,1
TM,TEAM_CR,732,157139,0.0,-1.0,-1.1,1.1,0.1,31.2,29.1,0.0,31,3
TM,TEAM_CR,733,157179,0.0,-1.3,-1.1,1.1,-0.5,31.8,29.1,0.0,32,3
TM,SUN_L,3670,SUN_R,3710,SUN_NDV,-0.0054,SUN_ANGLE,-5.93
TM,MAG_X,-9.73,MAG_Y,45.97,MAG_Z,11.79,MAG_HEADING,101.95
TM,GYRO_X,-1.339,GYRO_Y,-2.152,GYRO_Z,-0.148,BODY_RATE,0.148
TM,TEAM_CR,734,157219,0.0,-1.2,-1.1,1.1,0.7,30.6,29.1,0.0,31,3
TM,TEAM_CR,735,157269,0.0,-1.2,-1.1,1.1,0.0,31.3,29.1,0.0,31,3
TM,TEAM_CR,736,157309,0.0,-1.2,-1.1,1.1,0.2,31.2,29.1,0.0,31,3
TM,TEAM_CR,737,157349,0.0,-1.1,-1.1,1.1,-0.6,32.0,29.2,0.0,32,3
TM,TEAM_CR,738,157389,0.0,-1.4,-1.1,1.1,0.5,30.9,29.2,0.0,31,3
TM,TEAM_CR,739,157440,0.0,-0.7,-1.1,1.1,0.3,31.2,29.2,0.0,31,3
TM,TEAM_CR,740,157479,0.0,-1.0,-1.1,1.1,0.0,31.5,29.2,0.0,31,3
TM,TEAM_CR,741,157519,0.0,-1.1,-1.1,1.1,-0.4,32.0,29.3,0.0,32,3
TM,TEAM_CR,742,157559,0.0,-1.2,-1.1,1.1,-0.3,31.9,29.3,0.0,32,3
TM,TEAM_CR,743,157599,0.0,-1.2,-1.2,1.2,-0.7,32.4,29.3,0.0,32,3
TM,TEAM_CR,744,157639,0.0,-0.9,-1.2,1.2,-0.1,31.8,29.3,0.0,32,3
TM,TEAM_CR,745,157679,0.0,-1.2,-1.2,1.2,-1.1,32.9,29.3,0.0,33,3
TM,TEAM_CR,746,157719,0.0,-1.3,-1.2,1.2,-0.2,32.0,29.4,0.0,32,3
TM,TEAM_CR,747,157768,0.0,-1.3,-1.3,1.3,-0.5,32.4,29.4,0.0,32,3
TM,TEAM_CR,748,157820,0.0,-1.5,-1.3,1.3,-1.1,33.2,29.4,0.0,33,3
TM,TEAM_CR,749,157860,0.0,-1.5,-1.4,1.4,-0.2,32.3,29.5,0.0,33,3
TM,TEAM_CR,750,157899,0.0,-1.7,-1.4,1.4,-1.2,33.4,29.5,0.0,33,3
TM,TEAM_CR,751,157939,0.0,-1.3,-1.4,1.4,-0.5,32.8,29.5,0.0,33,3
TM,TEAM_CR,752,157979,0.0,-1.4,-1.4,1.4,-1.0,33.4,29.5,0.0,33,3
TM,SUN_L,3668,SUN_R,3708,SUN_NDV,-0.0054,SUN_ANGLE,-5.88
TM,MAG_X,-9.66,MAG_Y,45.92,MAG_Z,11.71,MAG_HEADING,101.88
TM,GYRO_X,-1.111,GYRO_Y,-2.249,GYRO_Z,0.045,BODY_RATE,-0.045
TM,TEAM_CR,753,158019,0.0,-1.5,-1.4,1.4,0.1,32.4,29.6,0.0,33,3
TM,ADCS_MODE,MANUAL,ADCS_REFERENCE,SUN,TARGET,0.00,POINTING_ERROR,5.92,SUN_ERROR,5.80,MAG_ERROR,-101.88,GYRO_Z,-0.051,RW_CMD,0
TM,EST_RAW,-5.80,EST_FILTERED,-5.80,EST_ANGLE,-5.92,EST_FILTER,ON,EST_FILTER_TYPE,MOVING_AVERAGE,EST_MA_WINDOW,1,EST_FILTER_STRENGTH,0.35
TM,EST_FUSION,ON,EST_GYRO_WEIGHT,0.98,EST_VALID,1
TM,TEAM_CR,754,158059,0.0,-1.6,-1.5,1.5,-0.6,33.1,29.6,0.0,33,3
TM,TEAM_CR,755,158099,0.0,-1.3,-1.5,1.5,-0.2,32.8,29.6,0.0,33,3
TM,TEAM_CR,756,158139,0.0,-1.5,-1.5,1.5,-0.9,33.6,29.7,0.0,34,3
TM,TEAM_CR,757,158179,0.0,-1.4,-1.5,1.5,-0.8,33.6,29.7,0.0,34,3
TM,TEAM_CR,758,158219,0.0,-1.4,-1.6,1.6,-0.8,33.6,29.7,0.0,34,3
TM,TEAM_CR,759,158268,0.0,-1.5,-1.6,1.6,0.0,32.9,29.7,0.0,33,3
TM,TEAM_CR,760,158308,0.0,-1.5,-1.6,1.6,-1.3,34.3,29.8,0.0,34,3
TM,TEAM_CR,761,158348,0.0,-1.5,-1.6,1.6,-0.4,33.5,29.8,0.0,33,3
TM,TEAM_CR,762,158388,0.0,-1.6,-1.6,1.6,-0.8,33.9,29.8,0.0,34,3
TM,TEAM_CR,763,158440,0.0,-1.5,-1.7,1.7,0.1,33.1,29.9,0.0,33,3
TM,TEAM_CR,764,158480,0.0,-1.9,-1.7,1.7,-1.0,34.3,29.9,0.0,34,3
TM,TEAM_CR,765,158520,0.0,-1.5,-1.7,1.7,0.0,33.3,29.9,0.0,33,3
TM,TEAM_CR,766,158560,0.0,-1.7,-1.7,1.7,-0.9,34.3,30.0,0.0,34,3
TM,TEAM_CR,767,158600,0.0,-1.6,-1.7,1.7,0.6,32.7,30.0,0.0,33,3
TM,TEAM_CR,768,158640,0.0,-1.6,-1.7,1.7,-0.8,34.2,30.0,0.0,34,3
TM,TEAM_CR,769,158680,0.0,-1.7,-1.7,1.7,0.9,32.5,30.1,0.0,33,3
TM,TEAM_CR,770,158721,0.0,-1.8,-1.7,1.7,-0.6,34.1,30.1,0.0,34,3
TM,SUN_L,3670,SUN_R,3708,SUN_NDV,-0.0052,SUN_ANGLE,-5.94
TM,MAG_X,-9.73,MAG_Y,46.08,MAG_Z,11.74,MAG_HEADING,101.92
TM,GYRO_X,-1.216,GYRO_Y,-2.144,GYRO_Z,-0.174,BODY_RATE,0.174
TM,TEAM_CR,771,158768,0.0,-1.5,-1.7,1.7,0.8,32.7,30.1,0.0,33,3
TM,TEAM_CR,772,158819,0.0,-1.7,-1.7,1.7,-0.2,33.7,30.2,0.0,34,3
TM,TEAM_CR,773,158859,0.0,-1.6,-1.7,1.7,0.8,32.7,30.2,0.0,33,3
TM,TEAM_CR,774,158899,0.0,-1.5,-1.7,1.7,-0.3,33.9,30.2,0.0,34,3
TM,TEAM_CR,775,158939,0.0,-1.5,-1.7,1.7,0.5,33.1,30.3,0.0,33,3
TM,TEAM_CR,776,158979,0.0,-1.7,-1.7,1.7,-0.5,34.2,30.3,0.0,34,3
TM,ADCS_MODE,MANUAL,ADCS_REFERENCE,SUN,TARGET,0.00,POINTING_ERROR,5.92,SUN_ERROR,5.58,MAG_ERROR,-101.80,GYRO_Z,0.342,RW_CMD,0
TM,EST_RAW,-5.58,EST_FILTERED,-5.58,EST_ANGLE,-5.92,EST_FILTER,ON,EST_FILTER_TYPE,MOVING_AVERAGE,EST_MA_WINDOW,1,EST_FILTER_STRENGTH,0.35
TM,EST_FUSION,ON,EST_GYRO_WEIGHT,0.98,EST_VALID,1
TM,TEAM_CR,777,159019,0.0,-2.2,-1.7,1.7,0.7,33.0,30.3,0.0,33,3
TM,TEAM_CR,778,159059,0.0,-1.5,-1.7,1.7,-0.3,34.1,30.4,0.0,34,3
TM,TEAM_CR,779,159099,0.0,-1.5,-1.6,1.6,1.2,32.5,30.4,0.0,32,3
TM,TEAM_CR,780,159139,0.0,-1.4,-1.6,1.6,0.0,33.7,30.4,0.0,34,3
TM,TEAM_CR,781,159179,0.0,-1.6,-1.6,1.6,1.0,32.7,30.5,0.0,33,3
TM,TEAM_CR,782,159219,0.0,-1.7,-1.6,1.6,-0.5,34.3,30.5,0.0,34,3
TM,TEAM_CR,783,159269,0.0,-1.6,-1.6,1.6,0.4,33.3,30.5,0.0,33,3
TM,TEAM_CR,784,159309,0.0,-1.5,-1.6,1.6,0.5,33.2,30.6,0.0,33,3
TM,TEAM_CR,785,159349,0.0,-1.5,-1.6,1.6,0.1,33.6,30.6,0.0,34,3
TM,TEAM_CR,786,159389,0.0,-1.6,-1.6,1.6,0.4,33.4,30.6,0.0,34,3
TM,TEAM_CR,787,159439,0.0,-1.7,-1.6,1.6,-1.0,34.8,30.7,0.0,35,3
TM,TEAM_CR,788,159479,0.0,-1.6,-1.6,1.6,1.4,32.4,30.7,0.0,33,3
TM,SUN_L,3668,SUN_R,3709,SUN_NDV,-0.0056,SUN_ANGLE,-5.69
TM,MAG_X,-9.70,MAG_Y,45.97,MAG_Z,11.86,MAG_HEADING,101.91
TM,GYRO_X,-1.356,GYRO_Y,-1.864,GYRO_Z,-0.008,BODY_RATE,0.008
TM,TEAM_CR,789,159519,0.0,-1.5,-1.6,1.6,-0.8,34.6,30.7,0.0,35,3
TM,TEAM_CR,790,159559,0.0,-1.6,-1.5,1.5,1.7,32.1,30.8,0.0,33,3
TM,TEAM_CR,791,159600,0.0,-1.4,-1.5,1.5,0.1,33.6,30.8,0.0,34,3
TM,TEAM_CR,792,159639,0.0,-1.4,-1.4,1.4,2.0,31.7,30.8,0.0,33,3
TM,TEAM_CR,793,159679,0.0,-1.8,-1.4,1.4,-0.5,34.2,30.8,0.0,34,3
TM,TEAM_CR,794,159719,0.0,-1.3,-1.4,1.4,1.9,31.8,30.9,0.0,32,3
TM,TEAM_CR,795,159770,0.0,-1.3,-1.4,1.4,0.3,33.4,30.9,0.0,33,3
TM,TEAM_CR,796,159819,0.0,-1.4,-1.3,1.3,1.3,32.3,30.9,0.0,32,3
TM,TEAM_CR,797,159859,0.0,-1.5,-1.3,1.3,0.3,33.3,31.0,0.0,33,3
TM,TEAM_CR,798,159899,0.0,-1.2,-1.3,1.3,0.5,33.1,31.0,0.0,33,3
TM,TEAM_CR,799,159939,0.0,-1.2,-1.3,1.3,0.8,32.7,31.0,0.0,33,3
TM,ADCS_MODE,MANUAL,ADCS_REFERENCE,SUN,TARGET,0.00,POINTING_ERROR,5.94,SUN_ERROR,5.99,MAG_ERROR,-101.91,GYRO_Z,-0.060,RW_CMD,0
TM,EST_RAW,-5.99,EST_FILTERED,-5.99,EST_ANGLE,-5.94,EST_FILTER,ON,EST_FILTER_TYPE,MOVING_AVERAGE,EST_MA_WINDOW,1,EST_FILTER_STRENGTH,0.35
TM,EST_FUSION,ON,EST_GYRO_WEIGHT,0.98,EST_VALID,1
TM,TEAM_CR,800,159980,0.0,-1.2,-1.2,1.2,1.1,32.3,31.0,0.0,32,3
TM,TEAM_CR,801,160019,0.0,-1.1,-1.2,1.2,1.5,31.9,31.1,0.0,32,3
TM,TEAM_CR,802,160060,0.0,-1.2,-1.1,1.1,1.8,31.4,31.1,0.0,31,3
TM,TEAM_CR,803,160099,0.0,-0.8,-1.0,1.0,1.4,31.8,31.1,0.0,32,3
TM,TEAM_CR,804,160139,0.0,-1.1,-1.0,1.0,1.3,31.1,31.1,0.0,31,3
TM,TEAM_CR,805,160179,0.0,-0.7,-0.9,0.9,1.4,31.1,31.1,0.0,31,3
TM,TEAM_CR,806,160219,0.0,-1.0,-0.8,0.8,1.0,31.1,31.1,0.0,31,3
TM,SUN_L,3670,SUN_R,3708,SUN_NDV,-0.0052,SUN_ANGLE,-5.84
TM,MAG_X,-9.73,MAG_Y,46.11,MAG_Z,11.79,MAG_HEADING,101.91
TM,GYRO_X,-1.111,GYRO_Y,-2.170,GYRO_Z,-0.060,BODY_RATE,0.060
TM,TEAM_CR,807,160269,0.0,-0.9,-0.8,0.8,2.6,31.1,31.1,0.0,31,3
TM,TEAM_CR,808,160309,0.0,-1.0,-0.7,0.7,0.1,31.1,31.1,0.0,31,3
TM,TEAM_CR,809,160349,0.0,-0.8,-0.7,0.7,2.5,31.1,31.1,0.0,31,3
TM,TEAM_CR,810,160389,0.0,-0.5,-0.7,0.7,-0.6,31.1,31.1,0.0,31,3
TM,TEAM_CR,811,160439,0.0,-0.8,-0.6,0.6,1.8,31.1,31.1,0.0,31,3
TM,TEAM_CR,812,160478,0.0,-0.7,-0.6,0.6,-0.4,31.1,31.1,0.0,31,3
TM,TEAM_CR,813,160518,0.0,-0.7,-0.6,0.6,1.6,31.1,31.1,0.0,31,3
TM,TEAM_CR,814,160558,0.0,-0.4,-0.6,0.6,-0.7,31.1,31.1,0.0,31,3
TM,TEAM_CR,815,160598,0.0,-0.6,-0.6,0.6,-0.1,31.1,31.1,0.0,31,3
TM,TEAM_CR,816,160639,0.0,-0.6,-0.6,0.6,-1.5,31.1,31.1,0.0,31,3
TM,TEAM_CR,817,160679,0.0,-0.8,-0.6,0.6,-0.2,31.1,31.1,0.0,31,3
TM,TEAM_CR,818,160719,0.0,-0.3,-0.7,0.7,-0.8,31.1,31.1,0.0,31,3
TM,TEAM_CR,819,160768,0.0,-0.9,-0.7,0.7,-1.5,31.1,31.1,0.0,31,3
TM,TEAM_CR,820,160819,0.0,-0.9,-0.7,0.7,0.8,31.1,31.1,0.0,31,3
TM,TEAM_CR,821,160860,0.0,-0.6,-0.8,0.8,-2.0,31.1,31.1,0.0,31,3
TM,TEAM_CR,822,160899,0.0,-0.7,-0.8,0.8,0.4,31.1,31.1,0.0,31,3
TM,ADCS_MODE,MANUAL,ADCS_REFERENCE,SUN,TARGET,0.00,POINTING_ERROR,5.94,SUN_ERROR,6.07,MAG_ERROR,-101.94,GYRO_Z,0.115,RW_CMD,0
TM,EST_RAW,-6.07,EST_FILTERED,-6.07,EST_ANGLE,-5.94,EST_FILTER,ON,EST_FILTER_TYPE,MOVING_AVERAGE,EST_MA_WINDOW,1,EST_FILTER_STRENGTH,0.35
TM,EST_FUSION,ON,EST_GYRO_WEIGHT,0.98,EST_VALID,1
TM,TEAM_CR,823,160939,0.0,-1.1,-0.9,0.9,-2.8,31.1,31.1,0.0,31,3
TM,TEAM_CR,824,160979,0.0,-0.8,-0.9,0.9,-0.9,31.1,31.1,0.0,31,3
TM,SUN_L,3667,SUN_R,3707,SUN_NDV,-0.0054,SUN_ANGLE,-5.69
TM,MAG_X,-9.74,MAG_Y,46.10,MAG_Z,11.74,MAG_HEADING,101.94
TM,GYRO_X,-0.796,GYRO_Y,-2.231,GYRO_Z,-0.261,BODY_RATE,0.261
TM,TEAM_CR,825,161020,0.0,-0.9,-1.0,1.0,-3.5,36.7,31.1,0.0,33,3
TM,TEAM_CR,826,161060,0.0,-1.1,-1.1,1.1,-0.5,33.8,31.1,0.0,34,3
TM,TEAM_CR,827,161100,0.0,-1.1,-1.2,1.2,-1.9,35.4,31.2,0.0,35,3
TM,TEAM_CR,828,161140,0.0,-1.3,-1.2,1.2,0.1,33.5,31.2,0.0,33,3
TM,TEAM_CR,829,161180,0.0,-1.2,-1.2,1.2,-1.3,35.0,31.2,0.0,35,3
TM,TEAM_CR,830,161220,0.0,-1.4,-1.3,1.3,-0.9,34.6,31.2,0.0,35,3
TM,TEAM_CR,831,161269,0.0,-1.2,-1.3,1.3,-0.2,34.1,31.3,0.0,34,3
TM,TEAM_CR,832,161309,0.0,-1.3,-1.3,1.3,-1.1,35.0,31.3,0.0,35,3
TM,TEAM_CR,833,161349,0.0,-1.4,-1.3,1.3,-0.5,34.4,31.3,0.0,34,3
TM,TEAM_CR,834,161389,0.0,-1.3,-1.3,1.3,-0.4,34.4,31.3,0.0,34,3
TM,TEAM_CR,835,161440,0.0,-1.4,-1.3,1.3,2.0,31.9,31.4,0.0,33,3
TM,TEAM_CR,836,161480,0.0,-1.3,-1.3,1.3,-1.2,35.1,31.4,0.0,35,3
TM,TEAM_CR,837,161520,0.0,-1.3,-1.2,1.2,2.1,31.8,31.4,0.0,33,3
TM,TEAM_CR,838,161560,0.0,-1.2,-1.3,1.3,-0.5,34.5,31.4,0.0,34,3
TM,TEAM_CR,839,161600,0.0,-1.3,-1.2,1.2,1.8,32.1,31.5,0.0,32,3
TM,TEAM_CR,840,161640,0.0,-1.3,-1.2,1.2,-0.7,34.6,31.5,0.0,35,3
TM,TEAM_CR,841,161680,0.0,-1.3,-1.2,1.2,0.9,33.0,31.5,0.0,33,3
TM,TEAM_CR,842,161720,0.0,-1.2,-1.2,1.2,-0.8,34.8,31.5,0.0,35,3
TM,TEAM_CR,843,161768,0.0,-1.5,-1.2,1.2,0.3,33.6,31.6,0.0,34,3
TM,SUN_L,3669,SUN_R,3710,SUN_NDV,-0.0056,SUN_ANGLE,-6.14
TM,MAG_X,-9.71,MAG_Y,46.08,MAG_Z,11.54,MAG_HEADING,101.90
TM,GYRO_X,-1.094,GYRO_Y,-2.056,GYRO_Z,-0.016,BODY_RATE,0.016
TM,TEAM_CR,844,161819,0.0,-1.2,-1.1,1.1,1.6,32.2,31.6,0.0,33,3
TM,ADCS_MODE,MANUAL,ADCS_REFERENCE,SUN,TARGET,0.00,POINTING_ERROR,5.93,SUN_ERROR,5.96,MAG_ERROR,-101.62,GYRO_Z,-0.130,RW_CMD,0
TM,EST_RAW,-5.96,EST_FILTERED,-5.96,EST_ANGLE,-5.93,EST_FILTER,ON,EST_FILTER_TYPE,MOVING_AVERAGE,EST_MA_WINDOW,1,EST_FILTER_STRENGTH,0.35
TM,EST_FUSION,ON,EST_GYRO_WEIGHT,0.98,EST_VALID,1
TM,TEAM_CR,845,161859,0.0,-1.3,-1.1,1.1,-0.6,34.4,31.6,0.0,34,3
TM,TEAM_CR,846,161899,0.0,-1.0,-1.1,1.1,2.4,31.3,31.6,0.0,32,3
TM,TEAM_CR,847,161939,0.0,-1.4,-1.1,1.1,-0.6,34.3,31.6,0.0,34,3
TM,TEAM_CR,848,161979,0.0,-1.1,-1.0,1.0,2.1,31.7,31.7,0.0,33,3
TM,TEAM_CR,849,162019,0.0,-0.8,-1.0,1.0,-0.5,34.2,31.7,0.0,34,3
TM,TEAM_CR,850,162059,0.0,-1.1,-1.0,1.0,2.2,31.7,31.7,0.0,32,3
TM,TEAM_CR,851,162099,0.0,-0.9,-0.9,0.9,-0.1,31.7,31.7,0.0,32,3
TM,TEAM_CR,852,162139,0.0,-1.1,-0.9,0.9,1.1,31.7,31.7,0.0,32,3
TM,TEAM_CR,853,162179,0.0,-0.9,-0.9,0.9,-0.3,31.7,31.7,0.0,32,3
TM,TEAM_CR,854,162219,0.0,-1.1,-0.9,0.9,1.2,31.7,31.7,0.0,32,3
TM,TEAM_CR,855,162268,0.0,-0.8,-0.8,0.8,1.6,31.7,31.7,0.0,32,3
TM,TEAM_CR,856,162308,0.0,-0.7,-0.8,0.8,0.0,31.7,31.7,0.0,32,3
TM,TEAM_CR,857,162348,0.0,-0.8,-0.8,0.8,1.6,31.7,31.7,0.0,32,3
TM,TEAM_CR,858,162388,0.0,-0.9,-0.8,0.8,0.0,31.7,31.7,0.0,32,3
TM,TEAM_CR,859,162439,0.0,-0.6,-0.7,0.7,1.9,31.7,31.7,0.0,32,3
TM,TEAM_CR,860,162479,0.0,-0.8,-0.7,0.7,0.0,31.7,31.7,0.0,32,3
TM,TEAM_CR,861,162519,0.0,-0.8,-0.7,0.7,0.9,31.7,31.7,0.0,32,3
TM,SUN_L,3670,SUN_R,3710,SUN_NDV,-0.0054,SUN_ANGLE,-6.00
TM,MAG_X,-9.60,MAG_Y,46.18,MAG_Z,11.66,MAG_HEADING,101.74
TM,GYRO_X,-1.225,GYRO_Y,-2.082,GYRO_Z,-0.130,BODY_RATE,0.130
TM,TEAM_CR,862,162559,0.0,-0.7,-0.7,0.7,-0.3,31.7,31.7,0.0,32,3
TM,TEAM_CR,863,162599,0.0,-0.7,-0.6,0.6,0.7,31.7,31.7,0.0,32,3
TM,TEAM_CR,864,162639,0.0,-0.4,-0.6,0.6,1.1,31.7,31.7,0.0,32,3
TM,TEAM_CR,865,162679,0.0,-0.7,-0.6,0.6,0.5,31.7,31.7,0.0,32,3
TM,TEAM_CR,866,162719,0.0,-0.3,-0.5,0.5,1.2,31.7,31.7,0.0,32,3
TM,TEAM_CR,867,162769,0.0,-0.5,-0.5,0.5,-0.1,31.7,31.7,0.0,32,3
TM,ADCS_MODE,MANUAL,ADCS_REFERENCE,SUN,TARGET,0.00,POINTING_ERROR,5.95,SUN_ERROR,6.02,MAG_ERROR,-101.74,GYRO_Z,0.080,RW_CMD,0
TM,EST_RAW,-6.02,EST_FILTERED,-6.02,EST_ANGLE,-5.95,EST_FILTER,ON,EST_FILTER_TYPE,MOVING_AVERAGE,EST_MA_WINDOW,1,EST_FILTER_STRENGTH,0.35
TM,EST_FUSION,ON,EST_GYRO_WEIGHT,0.98,EST_VALID,1
TM,TEAM_CR,868,162819,0.0,-0.5,-0.5,0.5,1.2,31.7,31.7,0.0,32,3
TM,TEAM_CR,869,162859,0.0,-0.3,-0.5,0.5,0.4,31.7,31.7,0.0,32,3
TM,TEAM_CR,870,162899,0.0,-0.6,-0.4,0.4,1.4,31.7,31.7,0.0,32,3
TM,TEAM_CR,871,162939,0.0,-0.2,-0.5,0.5,0.2,31.7,31.7,0.0,32,3
TM,TEAM_CR,872,162979,0.0,-0.5,-0.4,0.4,0.1,31.7,31.7,0.0,32,3
TM,TEAM_CR,873,163019,0.0,-0.6,-0.4,0.4,0.3,31.7,31.7,0.0,32,3
TM,TEAM_CR,874,163059,0.0,-0.6,-0.4,0.4,0.0,31.7,31.7,0.0,32,3
TM,TEAM_CR,875,163099,0.0,-0.2,-0.4,0.4,1.4,31.7,31.7,0.0,32,3
TM,TEAM_CR,876,163139,0.0,-0.4,-0.3,0.3,-0.2,31.7,31.7,0.0,32,3
TM,TEAM_CR,877,163179,0.0,-0.3,-0.3,0.3,1.1,31.7,31.7,0.0,32,3
TM,TEAM_CR,878,163219,0.0,-0.4,-0.4,0.4,-1.6,31.7,31.7,0.0,32,3
TM,TEAM_CR,879,163269,0.0,-0.5,-0.3,0.3,1.2,31.7,31.7,0.0,32,3
TM,SUN_L,3669,SUN_R,3708,SUN_NDV,-0.0053,SUN_ANGLE,-5.82
TM,MAG_X,-9.54,MAG_Y,46.21,MAG_Z,11.50,MAG_HEADING,101.66
TM,GYRO_X,-1.531,GYRO_Y,-1.942,GYRO_Z,0.045,BODY_RATE,-0.045
TM,TEAM_CR,880,163309,0.0,-0.3,-0.4,0.4,-0.8,31.7,31.7,0.0,32,3
TM,TEAM_CR,881,163349,0.0,-0.5,-0.3,0.3,0.8,31.7,31.7,0.0,32,3
TM,TEAM_CR,882,163389,0.0,-0.4,-0.4,0.4,-0.9,31.7,31.7,0.0,32,3
TM,TEAM_CR,883,163439,0.0,-0.5,-0.4,0.4,-1.3,31.7,31.7,0.0,32,3
TM,TEAM_CR,884,163479,0.0,-0.3,-0.4,0.4,-0.4,31.7,31.7,0.0,32,3
TM,TEAM_CR,885,163519,0.0,-0.5,-0.5,0.5,-2.1,31.7,31.7,0.0,32,3
TM,TEAM_CR,886,163559,0.0,-0.6,-0.5,0.5,0.4,31.7,31.7,0.0,32,3
TM,TEAM_CR,887,163599,0.0,-0.5,-0.6,0.6,-2.8,31.7,31.7,0.0,32,3
TM,TEAM_CR,888,163639,0.0,-0.6,-0.6,0.6,-0.3,31.7,31.7,0.0,32,3
TM,TEAM_CR,889,163679,0.0,-0.7,-0.7,0.7,-2.4,31.7,31.7,0.0,32,3
TM,TEAM_CR,890,163719,0.0,-0.7,-0.7,0.7,-0.4,31.7,31.7,0.0,32,3
TM,ADCS_MODE,MANUAL,ADCS_REFERENCE,SUN,TARGET,0.00,POINTING_ERROR,5.97,SUN_ERROR,5.76,MAG_ERROR,-101.80,GYRO_Z,0.229,RW_CMD,0
TM,EST_RAW,-5.76,EST_FILTERED,-5.76,EST_ANGLE,-5.97,EST_FILTER,ON,EST_FILTER_TYPE,MOVING_AVERAGE,EST_MA_WINDOW,1,EST_FILTER_STRENGTH,0.35
TM,EST_FUSION,ON,EST_GYRO_WEIGHT,0.98,EST_VALID,1
TM,TEAM_CR,891,163769,0.0,-1.0,-0.9,0.9,-1.8,31.7,31.7,0.0,32,3
TM,TEAM_CR,892,163819,0.0,-1.0,-1.0,1.0,-3.2,31.7,31.7,0.0,32,3
TM,TEAM_CR,893,163859,0.0,-1.0,-1.0,1.0,-0.4,34.2,31.7,0.0,35,3
TM,TEAM_CR,894,163899,0.0,-0.9,-1.1,1.1,-2.8,36.8,31.7,0.0,37,3
TM,TEAM_CR,895,163940,0.0,-1.2,-1.2,1.2,-0.3,34.4,31.8,0.0,34,3
TM,TEAM_CR,896,163980,0.0,-1.3,-1.2,1.2,-2.2,36.5,31.8,0.0,36,3
TM,TEAM_CR,897,164020,0.0,-1.4,-1.2,1.2,-0.1,34.3,31.8,0.0,34,3
TM,SUN_L,3670,SUN_R,3709,SUN_NDV,-0.0053,SUN_ANGLE,-5.82
TM,MAG_X,-9.63,MAG_Y,46.10,MAG_Z,11.66,MAG_HEADING,101.80
TM,GYRO_X,-1.067,GYRO_Y,-1.942,GYRO_Z,-0.226,BODY_RATE,0.226
TM,TEAM_CR,898,164059,0.0,-0.8,-1.3,1.3,-1.4,35.8,31.8,0.0,36,3
TM,TEAM_CR,899,164099,0.0,-1.3,-1.3,1.3,0.5,33.9,31.8,0.0,34,3
TM,TEAM_CR,900,164139,0.0,-1.1,-1.3,1.3,0.1,34.3,31.9,0.0,34,3
TM,TEAM_CR,901,164179,0.0,-1.5,-1.2,1.2,0.6,33.8,31.9,0.0,34,3
TM,TEAM_CR,902,164219,0.0,-1.1,-1.2,1.2,0.6,33.8,31.9,0.0,34,3
TM,TEAM_CR,903,164269,0.0,-1.2,-1.2,1.2,-0.3,34.6,31.9,0.0,35,3
TM,TEAM_CR,904,164309,0.0,-1.1,-1.1,1.1,2.6,31.7,32.0,0.0,32,3
TM,TEAM_CR,905,164349,0.0,-1.1,-1.1,1.1,-0.4,34.7,32.0,0.0,35,3
TM,TEAM_CR,906,164389,0.0,-1.0,-1.1,1.1,1.0,33.2,32.0,0.0,33,3
TM,TEAM_CR,907,164439,0.0,-1.0,-1.1,1.1,0.7,33.5,32.0,0.0,34,3
TM,TEAM_CR,908,164479,0.0,-0.8,-1.0,1.0,0.1,34.0,32.1,0.0,34,3
TM,TEAM_CR,909,164519,0.0,-0.9,-1.0,1.0,1.9,32.1,32.1,0.0,33,3
TM,TEAM_CR,910,164559,0.0,-1.0,-1.0,1.0,-0.3,32.1,32.1,0.0,32,3
TM,TEAM_CR,911,164599,0.0,-0.9,-0.9,0.9,1.7,32.1,32.1,0.0,32,3
TM,TEAM_CR,912,164639,0.0,-0.9,-1.0,1.0,-1.1,32.1,32.1,0.0,32,3
TM,TEAM_CR,913,164679,0.0,-1.1,-0.9,0.9,1.4,32.1,32.1,0.0,32,3
TM,ADCS_MODE,MANUAL,ADCS_REFERENCE,SUN,TARGET,0.00,POINTING_ERROR,5.98,SUN_ERROR,6.34,MAG_ERROR,-101.79,GYRO_Z,0.220,RW_CMD,0
TM,EST_RAW,-6.34,EST_FILTERED,-6.34,EST_ANGLE,-5.98,EST_FILTER,ON,EST_FILTER_TYPE,MOVING_AVERAGE,EST_MA_WINDOW,1,EST_FILTER_STRENGTH,0.35
TM,EST_FUSION,ON,EST_GYRO_WEIGHT,0.98,EST_VALID,1
TM,TEAM_CR,914,164719,0.0,-0.8,-1.0,1.0,-1.2,32.1,32.1,0.0,32,3
TM,TEAM_CR,915,164768,0.0,-0.7,-0.9,0.9,-0.3,32.1,32.1,0.0,32,3
TM,SUN_L,3668,SUN_R,3709,SUN_NDV,-0.0056,SUN_ANGLE,-5.73
TM,MAG_X,-9.70,MAG_Y,46.11,MAG_Z,11.71,MAG_HEADING,101.87
TM,GYRO_X,-0.892,GYRO_Y,-2.109,GYRO_Z,-0.130,BODY_RATE,0.130
TM,TEAM_CR,916,164820,0.0,-1.0,-1.0,1.0,0.4,32.1,32.1,0.0,32,3
TM,TEAM_CR,917,164859,0.0,-1.1,-1.0,1.0,-2.5,36.7,32.1,0.0,34,3
TM,TEAM_CR,918,164899,0.0,-0.8,-1.0,1.0,0.6,33.5,32.1,0.0,34,3
TM,TEAM_CR,919,164939,0.0,-1.1,-1.1,1.1,-1.6,35.9,32.1,0.0,36,3
TM,TEAM_CR,920,164979,0.0,-1.2,-1.1,1.1,0.2,34.1,32.1,0.0,34,3
TM,TEAM_CR,921,165019,0.0,-1.2,-1.1,1.1,-0.6,35.0,32.2,0.0,35,3
TM,TEAM_CR,922,165059,0.0,-1.1,-1.1,1.1,0.0,34.3,32.2,0.0,34,3
TM,TEAM_CR,923,165099,0.0,-1.1,-1.1,1.1,0.8,33.6,32.2,0.0,34,3
TM,TEAM_CR,924,165139,0.0,-1.2,-1.1,1.1,-0.7,35.1,32.2,0.0,35,3
TM,TEAM_CR,925,165179,0.0,-1.2,-1.1,1.1,1.0,33.4,32.2,0.0,34,3
TM,TEAM_CR,926,165219,0.0,-1.0,-1.1,1.1,-1.1,35.5,32.3,0.0,36,3
TM,TEAM_CR,927,165268,0.0,-0.9,-1.0,1.0,1.2,33.2,32.3,0.0,33,3
TM,TEAM_CR,928,165308,0.0,-1.0,-1.1,1.1,0.1,34.3,32.3,0.0,34,3
TM,TEAM_CR,929,165348,0.0,-0.8,-1.0,1.0,0.7,32.3,32.3,0.0,32,3
TM,TEAM_CR,930,165388,0.0,-1.1,-1.0,1.0,-0.1,34.5,32.3,0.0,35,3
TM,TEAM_CR,931,165439,0.0,-0.7,-1.0,1.0,-1.1,35.5,32.4,0.0,36,3
TM,TEAM_CR,932,165479,0.0,-1.1,-1.0,1.0,2.0,32.4,32.4,0.0,33,3
TM,TEAM_CR,933,165519,0.0,-0.7,-1.0,1.0,-1.1,32.4,32.4,0.0,32,3
TM,TEAM_CR,934,165559,0.0,-0.8,-1.0,1.0,0.7,32.4,32.4,0.0,32,3
TM,SUN_L,3670,SUN_R,3707,SUN_NDV,-0.0050,SUN_ANGLE,-5.90
TM,MAG_X,-9.71,MAG_Y,46.16,MAG_Z,11.65,MAG_HEADING,101.88
TM,GYRO_X,-1.347,GYRO_Y,-1.768,GYRO_Z,-0.025,BODY_RATE,0.025
TM,TEAM_CR,935,165599,0.0,-0.9,-1.0,1.0,-0.7,32.4,32.4,0.0,32,3
TM,ADCS_MODE,MANUAL,ADCS_REFERENCE,SUN,TARGET,0.00,POINTING_ERROR,5.95,SUN_ERROR,5.79,MAG_ERROR,-101.88,GYRO_Z,-0.165,RW_CMD,0
TM,EST_RAW,-5.79,EST_FILTERED,-5.79,EST_ANGLE,-5.95,EST_FILTER,ON,EST_FILTER_TYPE,MOVING_AVERAGE,EST_MA_WINDOW,1,EST_FILTER_STRENGTH,0.35
TM,EST_FUSION,ON,EST_GYRO_WEIGHT,0.98,EST_VALID,1
TM,TEAM_CR,936,165639,0.0,-1.0,-1.0,1.0,0.2,32.4,32.4,0.0,32,3
TM,TEAM_CR,937,165679,0.0,-1.0,-1.0,1.0,0.2,32.4,32.4,0.0,32,3
TM,TEAM_CR,938,165720,0.0,-1.0,-1.0,1.0,-0.2,32.4,32.4,0.0,32,3
TM,TEAM_CR,939,165769,0.0,-1.0,-1.0,1.0,1.3,32.4,32.4,0.0,32,3
TM,TEAM_CR,940,165820,0.0,-0.9,-1.0,1.0,-0.3,32.4,32.4,0.0,32,3
TM,TEAM_CR,941,165860,0.0,-1.1,-1.0,1.0,0.1,32.4,32.4,0.0,32,3
EVT,TEAM_CDUMP,END,942
