ACK,TEAM_INFO
TM,TEAM_FW,NasaPakSoi-team-8,SUN_MODEL,1,UNSAVED,1,LUT_N,129,BOOT,POWERON,UP_S,1454
TM,ADCS_MODE,MANUAL,ADCS_REFERENCE,SUN,TARGET,0.00,POINTING_ERROR,12.61,SUN_ERROR,12.64,MAG_ERROR,-98.15,GYRO_Z,0.051,RW_CMD,0
TM,EST_RAW,-12.64,EST_FILTERED,-12.64,EST_ANGLE,-12.61,EST_FILTER,ON,EST_FILTER_TYPE,MOVING_AVERAGE,EST_MA_WINDOW,1,EST_FILTER_STRENGTH,0.35
TM,EST_FUSION,ON,EST_GYRO_WEIGHT,0.98,EST_VALID,1
TM,SUN_L,3643,SUN_R,3721,SUN_NDV,-0.0106,SUN_ANGLE,-12.62
TM,MAG_X,-7.17,MAG_Y,49.06,MAG_Z,11.30,MAG_HEADING,98.31
TM,GYRO_X,-1.234,GYRO_Y,-2.030,GYRO_Z,-0.202,BODY_RATE,0.202
TM,ADCS_MODE,MANUAL,ADCS_REFERENCE,SUN,TARGET,0.00,POINTING_ERROR,12.62,SUN_ERROR,12.59,MAG_ERROR,-98.36,GYRO_Z,0.314,RW_CMD,0
TM,EST_RAW,-12.59,EST_FILTERED,-12.59,EST_ANGLE,-12.62,EST_FILTER,ON,EST_FILTER_TYPE,MOVING_AVERAGE,EST_MA_WINDOW,1,EST_FILTER_STRENGTH,0.35
TM,EST_FUSION,ON,EST_GYRO_WEIGHT,0.98,EST_VALID,1
TM,SUN_L,3644,SUN_R,3721,SUN_NDV,-0.0105,SUN_ANGLE,-12.70
TM,MAG_X,-7.20,MAG_Y,48.99,MAG_Z,11.39,MAG_HEADING,98.36
TM,GYRO_X,-1.286,GYRO_Y,-1.890,GYRO_Z,-0.272,BODY_RATE,0.272
ACK,STATUS
TM,SAT_ID,SUNSEEK-NasaPakSoi,BLE,CONNECTED,ADCS_MODE,MANUAL,ADCS_STRATEGY,REACTION
TM,ADCS_MODE,MANUAL,ADCS_REFERENCE,SUN,TARGET,0.00,KP,4.000,KD,2.000,MOMENTUM_BIAS,40,DEADBAND,0.50,MAX_RW_COMMAND,60,CONTROL_SIGN,1.0
TM,RW_CMD,0,RW_BIAS,0,RW_TARGET,0,RW_STATE,STOPPED
TM,SENSOR_ACCEL,READY
TM,SENSOR_MAG,READY
TM,SENSOR_GYRO,READY
TM,SENSOR_BARO,DETECTED
TM,SENSOR_SUN,READY
TM,ESTIMATOR,STANDARD,EST_FILTER,ON,EST_FILTER_TYPE,MOVING_AVERAGE,EST_MA_WINDOW,1,EST_FILTER_STRENGTH,0.35,EST_FUSION,ON,EST_GYRO_WEIGHT,0.98
TM,ADCS_MODE,MANUAL,ADCS_REFERENCE,SUN,TARGET,0.00,POINTING_ERROR,12.61,SUN_ERROR,12.64,MAG_ERROR,-98.36,GYRO_Z,-0.080,RW_CMD,0
TM,EST_RAW,-12.64,EST_FILTERED,-12.64,EST_ANGLE,-12.61,EST_FILTER,ON,EST_FILTER_TYPE,MOVING_AVERAGE,EST_MA_WINDOW,1,EST_FILTER_STRENGTH,0.35
TM,EST_FUSION,ON,EST_GYRO_WEIGHT,0.98,EST_VALID,1
TM,TEAM_FW,NasaPakSoi-team-8,SUN_MODEL,1,UNSAVED,1,LUT_N,129,BOOT,POWERON,UP_S,1455
TM,SUN_L,3643,SUN_R,3719,SUN_NDV,-0.0103,SUN_ANGLE,-12.84
TM,MAG_X,-7.17,MAG_Y,48.93,MAG_Z,11.46,MAG_HEADING,98.33
TM,GYRO_X,-1.190,GYRO_Y,-2.144,GYRO_Z,-0.526,BODY_RATE,0.526
TM,ADCS_MODE,MANUAL,ADCS_REFERENCE,SUN,TARGET,0.00,POINTING_ERROR,12.62,SUN_ERROR,12.84,MAG_ERROR,-98.33,GYRO_Z,-0.167,RW_CMD,0
TM,EST_RAW,-12.84,EST_FILTERED,-12.84,EST_ANGLE,-12.62,EST_FILTER,ON,EST_FILTER_TYPE,MOVING_AVERAGE,EST_MA_WINDOW,1,EST_FILTER_STRENGTH,0.35
TM,EST_FUSION,ON,EST_GYRO_WEIGHT,0.98,EST_VALID,1
TM,SUN_L,3642,SUN_R,3721,SUN_NDV,-0.0107,SUN_ANGLE,-12.58
TM,MAG_X,-7.26,MAG_Y,48.99,MAG_Z,11.42,MAG_HEADING,98.43
TM,GYRO_X,-1.085,GYRO_Y,-2.039,GYRO_Z,-0.465,BODY_RATE,0.465
TM,ADCS_MODE,MANUAL,ADCS_REFERENCE,SUN,TARGET,0.00,POINTING_ERROR,12.62,SUN_ERROR,12.70,MAG_ERROR,-98.45,GYRO_Z,-0.194,RW_CMD,0
TM,EST_RAW,-12.70,EST_FILTERED,-12.70,EST_ANGLE,-12.62,EST_FILTER,ON,EST_FILTER_TYPE,MOVING_AVERAGE,EST_MA_WINDOW,1,EST_FILTER_STRENGTH,0.35
TM,EST_FUSION,ON,EST_GYRO_WEIGHT,0.98,EST_VALID,1
TM,SUN_L,3642,SUN_R,3720,SUN_NDV,-0.0106,SUN_ANGLE,-12.70
TM,MAG_X,-7.30,MAG_Y,48.85,MAG_Z,11.39,MAG_HEADING,98.49
TM,GYRO_X,-1.365,GYRO_Y,-1.864,GYRO_Z,0.060,BODY_RATE,-0.060
TM,ADCS_MODE,MANUAL,ADCS_REFERENCE,SUN,TARGET,0.00,POINTING_ERROR,12.63,SUN_ERROR,12.70,MAG_ERROR,-98.49,GYRO_Z,-0.010,RW_CMD,0
TM,EST_RAW,-12.70,EST_FILTERED,-12.70,EST_ANGLE,-12.63,EST_FILTER,ON,EST_FILTER_TYPE,MOVING_AVERAGE,EST_MA_WINDOW,1,EST_FILTER_STRENGTH,0.35
TM,EST_FUSION,ON,EST_GYRO_WEIGHT,0.98,EST_VALID,1
TM,SUN_L,3642,SUN_R,3721,SUN_NDV,-0.0107,SUN_ANGLE,-12.85
TM,MAG_X,-7.25,MAG_Y,48.83,MAG_Z,11.58,MAG_HEADING,98.44
TM,GYRO_X,-1.190,GYRO_Y,-1.794,GYRO_Z,-0.281,BODY_RATE,0.281
ACK,TEAM_CDUMP,689
TM,TEAM_CR_AUTO,ON,TGT,0.00,EST,-41.79,ANG,-41.79,LIT,1,ERR,41.79,KP,4,KD,2,KI,1,SIGN,1,RSIGN,-1,MAX,60,DB,0.5,WRAP,1,SYNC,1,STRAT,RW
TM,TEAM_CR_HEAD,N,689,DIV,2,COLS,i;t;tgt;ang;est;err;gz;u;I;K;rw;fl
TM,TEAM_CR,0,1387192,0.0,-41.8,-41.8,41.8,0.0,168.0,0.8,0.0,2,9
TM,TEAM_CR,1,1387232,0.0,-41.6,-41.8,41.8,0.0,168.0,0.8,0.0,22,9
TM,TEAM_CR,2,1387272,0.0,-41.7,-41.8,41.8,0.2,167.6,0.8,0.0,42,9
TM,TEAM_CR,3,1387312,0.0,-41.6,-41.8,41.8,0.2,167.5,0.8,0.0,60,9
TM,TEAM_CR,4,1387352,0.0,-41.7,-41.7,41.7,0.4,166.9,0.8,0.0,60,9
TM,TEAM_CR,5,1387392,0.0,-41.7,-41.7,41.7,1.2,165.2,0.8,0.0,60,9
TM,TEAM_CR,6,1387443,0.0,-42.0,-41.6,41.6,2.4,162.5,0.8,0.0,60,9
TM,ADCS_MODE,MANUAL,ADCS_REFERENCE,SUN,TARGET,0.00,POINTING_ERROR,12.64,SUN_ERROR,12.84,MAG_ERROR,-98.55,GYRO_Z,-0.570,RW_CMD,0
TM,EST_RAW,-12.84,EST_FILTERED,-12.84,EST_ANGLE,-12.64,EST_FILTER,ON,EST_FILTER_TYPE,MOVING_AVERAGE,EST_MA_WINDOW,1,EST_FILTER_STRENGTH,0.35
TM,EST_FUSION,ON,EST_GYRO_WEIGHT,0.98,EST_VALID,1
TM,TEAM_CR,7,1387483,0.0,-42.0,-41.5,41.5,4.0,158.7,0.8,0.0,60,9
TM,TEAM_CR,8,1387523,0.0,-42.5,-41.3,41.3,5.2,155.7,0.8,0.0,60,9
TM,TEAM_CR,9,1387563,0.0,-42.8,-41.2,41.2,4.4,156.9,0.8,0.0,60,9
TM,SUN_L,3642,SUN_R,3721,SUN_NDV,-0.0107,SUN_ANGLE,-12.24
TM,MAG_X,-7.31,MAG_Y,48.61,MAG_Z,11.41,MAG_HEADING,98.55
TM,GYRO_X,-1.146,GYRO_Y,-2.021,GYRO_Z,-0.579,BODY_RATE,0.579
TM,TEAM_CR,10,1387610,0.0,-43.0,-41.0,41.0,5.8,153.5,0.8,0.0,60,9
TM,TEAM_CR,11,1387650,0.0,-43.4,-40.8,40.8,11.2,141.4,0.8,0.0,60,9
TM,TEAM_CR,12,1387691,0.0,-44.1,-40.3,40.3,13.9,134.3,0.8,0.0,60,9
TM,TEAM_CR,13,1387731,0.0,-44.6,-39.9,39.9,15.9,128.6,0.8,0.0,60,9
TM,TEAM_CR,14,1387771,0.0,-45.6,-39.5,39.5,17.3,124.0,0.8,0.0,60,9
TM,TEAM_CR,15,1387811,0.0,-46.2,-39.0,39.0,18.6,119.8,0.8,0.0,60,9
TM,TEAM_CR,16,1387851,0.0,-46.9,-38.5,38.5,21.2,112.7,0.8,0.0,60,9
TM,TEAM_CR,17,1387891,0.0,-47.5,-38.0,38.0,25.0,102.7,0.8,0.0,60,9
TM,TEAM_CR,18,1387941,0.0,-48.1,-37.0,37.0,29.7,89.3,0.8,0.0,60,9
TM,TEAM_CR,19,1387981,0.0,-48.7,-36.2,36.2,34.1,77.3,0.8,0.0,60,9
TM,TEAM_CR,20,1388030,0.0,-49.5,-35.0,35.0,36.0,68.7,0.8,0.0,60,9
TM,TEAM_CR,21,1388070,0.0,-49.9,-34.1,34.1,39.0,59.1,0.8,0.0,59,1
TM,TEAM_CR,22,1388110,0.0,-50.6,-33.2,33.2,41.1,52.7,2.2,0.0,55,1
TM,TEAM_CR,23,1388150,0.0,-51.1,-32.2,32.2,42.0,48.3,3.5,0.0,48,1
TM,TEAM_CR,24,1388192,0.0,-50.8,-31.2,31.2,42.7,44.3,4.7,0.0,45,1
TM,TEAM_CR,25,1388232,0.0,-50.5,-30.4,30.4,41.7,44.1,6.0,0.0,44,1
TM,TEAM_CR,26,1388272,0.0,-50.4,-29.7,29.7,38.6,48.5,7.1,0.0,48,1
TM,TEAM_CR,27,1388312,0.0,-49.7,-29.0,29.0,38.3,47.5,8.3,0.0,48,1
TM,TEAM_CR,28,1388353,0.0,-48.8,-28.2,28.2,39.5,43.2,9.4,0.0,44,1
TM,SUN_L,3644,SUN_R,3719,SUN_NDV,-0.0102,SUN_ANGLE,-12.67
TM,MAG_X,-7.36,MAG_Y,48.58,MAG_Z,11.66,MAG_HEADING,98.62
TM,GYRO_X,-1.330,GYRO_Y,-2.082,GYRO_Z,0.305,BODY_RATE,-0.305
TM,TEAM_CR,29,1388392,0.0,-48.2,-27.5,27.5,37.9,44.9,10.6,0.0,45,1
TM,ADCS_MODE,MANUAL,ADCS_REFERENCE,SUN,TARGET,0.00,POINTING_ERROR,12.62,SUN_ERROR,12.60,MAG_ERROR,-98.62,GYRO_Z,0.909,RW_CMD,0
TM,EST_RAW,-12.60,EST_FILTERED,-12.60,EST_ANGLE,-12.62,EST_FILTER,ON,EST_FILTER_TYPE,MOVING_AVERAGE,EST_MA_WINDOW,1,EST_FILTER_STRENGTH,0.35
TM,EST_FUSION,ON,EST_GYRO_WEIGHT,0.98,EST_VALID,1
TM,TEAM_CR,30,1388443,0.0,-46.4,-26.4,26.4,38.6,40.0,11.6,0.0,41,1
TM,TEAM_CR,31,1388483,0.0,-45.1,-25.6,25.6,39.9,35.4,12.7,0.0,38,1
TM,TEAM_CR,32,1388523,0.0,-43.3,-24.8,24.8,40.4,32.0,13.7,0.0,32,1
TM,TEAM_CR,33,1388563,0.0,-41.5,-23.9,23.9,39.6,31.1,14.6,0.0,31,1
TM,TEAM_CR,34,1388610,0.0,-39.5,-22.8,22.8,36.8,33.2,15.5,0.0,33,1
TM,TEAM_CR,35,1388650,0.0,-38.3,-22.1,22.1,35.4,33.8,16.4,0.0,34,1
TM,TEAM_CR,36,1388693,0.0,-37.1,-21.3,21.3,33.3,35.8,17.3,0.0,36,1
TM,TEAM_CR,37,1388733,0.0,-36.0,-20.6,20.6,31.6,37.3,18.1,0.0,37,1
TM,TEAM_CR,38,1388773,0.0,-35.0,-20.0,20.0,31.8,35.2,18.9,0.0,36,1
TM,TEAM_CR,39,1388814,0.0,-33.3,-19.3,19.3,32.3,32.0,19.7,0.0,32,1
TM,TEAM_CR,40,1388853,0.0,-32.8,-18.5,18.5,32.8,28.9,20.5,0.0,29,1
TM,TEAM_CR,41,1388893,0.0,-31.4,-17.8,17.8,32.8,26.6,21.2,0.0,27,1
TM,TEAM_CR,42,1388943,0.0,-28.9,-16.7,16.7,31.4,25.9,21.8,0.0,26,1
TM,TEAM_CR,43,1388984,0.0,-27.3,-15.9,15.9,29.8,26.8,22.5,0.0,27,1
TM,TEAM_CR,44,1389032,0.0,-26.6,-15.1,15.1,27.2,28.9,23.1,0.0,29,1
TM,TEAM_CR,45,1389072,0.0,-25.5,-14.5,14.5,24.6,32.6,23.7,0.0,33,1
TM,TEAM_CR,46,1389112,0.0,-24.2,-14.0,14.0,22.2,36.1,24.3,0.0,36,1
TM,SUN_L,3642,SUN_R,3717,SUN_NDV,-0.0102,SUN_ANGLE,-12.54
TM,MAG_X,-7.47,MAG_Y,48.43,MAG_Z,11.79,MAG_HEADING,98.77
TM,GYRO_X,-0.945,GYRO_Y,-2.013,GYRO_Z,-0.334,BODY_RATE,0.334
TM,TEAM_CR,47,1389152,0.0,-23.4,-13.6,13.6,21.4,36.3,24.8,0.0,36,1
TM,TEAM_CR,48,1389194,0.0,-22.4,-13.1,13.1,21.0,35.6,25.3,0.0,36,1
TM,TEAM_CR,49,1389234,0.0,-21.2,-12.6,12.6,21.6,32.9,25.8,0.0,33,1
TM,TEAM_CR,50,1389273,0.0,-20.4,-12.1,12.1,21.6,31.5,26.3,0.0,31,1
TM,TEAM_CR,51,1389313,0.0,-19.4,-11.6,11.6,21.0,31.0,26.8,0.0,31,1
TM,TEAM_CR,52,1389353,0.0,-18.6,-11.1,11.1,17.8,36.0,27.2,0.0,35,1
TM,ADCS_MODE,MANUAL,ADCS_REFERENCE,SUN,TARGET,0.00,POINTING_ERROR,12.63,SUN_ERROR,12.57,MAG_ERROR,-98.77,GYRO_Z,0.340,RW_CMD,0
TM,EST_RAW,-12.57,EST_FILTERED,-12.57,EST_ANGLE,-12.63,EST_FILTER,ON,EST_FILTER_TYPE,MOVING_AVERAGE,EST_MA_WINDOW,1,EST_FILTER_STRENGTH,0.35
TM,EST_FUSION,ON,EST_GYRO_WEIGHT,0.98,EST_VALID,1
TM,TEAM_CR,53,1389393,0.0,-17.5,-10.7,10.7,16.3,38.0,27.7,0.0,38,1
TM,TEAM_CR,54,1389444,0.0,-16.4,-10.2,10.2,13.9,41.2,28.1,0.0,41,1
TM,TEAM_CR,55,1389483,0.0,-16.1,-10.0,10.0,13.4,41.5,28.5,0.0,41,1
TM,TEAM_CR,56,1389523,0.0,-15.9,-9.7,9.7,14.0,39.5,28.9,0.0,39,1
TM,TEAM_CR,57,1389563,0.0,-15.4,-9.3,9.3,15.6,35.2,29.3,0.0,36,1
TM,TEAM_CR,58,1389613,0.0,-14.4,-8.7,8.7,17.4,29.4,29.6,0.0,30,1
TM,TEAM_CR,59,1389653,0.0,-13.3,-8.2,8.2,18.1,26.4,29.9,0.0,27,1
TM,TEAM_CR,60,1389692,0.0,-13.2,-7.7,7.7,17.1,26.9,30.2,0.0,27,1
TM,TEAM_CR,61,1389732,0.0,-12.5,-7.3,7.3,16.1,27.3,30.5,0.0,27,1
TM,TEAM_CR,62,1389772,0.0,-11.4,-6.9,6.9,14.5,29.3,30.8,0.0,29,1
TM,TEAM_CR,63,1389812,0.0,-10.7,-6.5,6.5,14.1,28.7,31.1,0.0,29,1
TM,TEAM_CR,64,1389852,0.0,-10.0,-6.1,6.1,14.4,26.9,31.3,0.0,28,1
TM,SUN_L,3642,SUN_R,3721,SUN_NDV,-0.0107,SUN_ANGLE,-12.29
TM,MAG_X,-7.57,MAG_Y,48.16,MAG_Z,11.98,MAG_HEADING,98.93
TM,GYRO_X,-1.033,GYRO_Y,-2.205,GYRO_Z,-0.745,BODY_RATE,0.745
TM,TEAM_CR,65,1389892,0.0,-8.8,-5.7,5.7,13.7,26.8,31.6,0.0,27,1
TM,TEAM_CR,66,1389942,0.0,-7.1,-5.1,5.1,13.5,25.1,31.8,0.0,25,1
TM,TEAM_CR,67,1389982,0.0,-6.3,-4.7,4.7,11.7,27.3,32.0,0.0,27,1
TM,TEAM_CR,68,1390032,0.0,-5.4,-4.2,4.2,10.3,28.4,32.1,0.0,28,1
TM,TEAM_CR,69,1390072,0.0,-4.8,-3.9,3.9,8.3,31.4,32.3,0.0,31,1
TM,TEAM_CR,70,1390113,0.0,-4.1,-3.6,3.6,8.3,30.2,32.4,0.0,30,1
TM,TEAM_CR,71,1390152,0.0,-4.1,-3.3,3.3,8.3,29.2,32.6,0.0,29,1
TM,TEAM_CR,72,1390192,0.0,-4.0,-3.0,3.0,8.4,27.8,32.7,0.0,28,1
TM,TEAM_CR,73,1390233,0.0,-3.5,-2.8,2.8,5.8,32.2,32.8,0.0,32,1
TM,TEAM_CR,74,1390273,0.0,-3.2,-2.7,2.7,2.1,39.4,32.9,0.0,38,1
TM,TEAM_CR,75,1390313,0.0,-3.3,-2.7,2.7,0.0,43.9,33.0,0.0,44,1
TM,ADCS_MODE,MANUAL,ADCS_REFERENCE,SUN,TARGET,0.00,POINTING_ERROR,12.60,SUN_ERROR,12.75,MAG_ERROR,-98.82,GYRO_Z,-0.202,RW_CMD,0
TM,EST_RAW,-12.75,EST_FILTERED,-12.75,EST_ANGLE,-12.60,EST_FILTER,ON,EST_FILTER_TYPE,MOVING_AVERAGE,EST_MA_WINDOW,1,EST_FILTER_STRENGTH,0.35
TM,EST_FUSION,ON,EST_GYRO_WEIGHT,0.98,EST_VALID,1
TM,TEAM_CR,76,1390353,0.0,-3.0,-2.7,2.7,0.4,43.1,33.1,0.0,43,1
TM,TEAM_CR,77,1390393,0.0,-3.4,-2.7,2.7,0.3,43.6,33.2,0.0,44,1
TM,TEAM_CR,78,1390443,0.0,-3.0,-2.7,2.7,0.2,43.8,33.4,0.0,44,1
TM,TEAM_CR,79,1390483,0.0,-3.2,-2.7,2.7,0.0,44.4,33.5,0.0,44,1
TM,TEAM_CR,80,1390523,0.0,-3.1,-2.7,2.7,0.2,44.2,33.6,0.0,44,1
TM,TEAM_CR,81,1390563,0.0,-3.1,-2.8,2.8,0.1,44.5,33.7,0.0,45,1
TM,TEAM_CR,82,1390614,0.0,-3.3,-2.8,2.8,0.3,44.3,33.8,0.0,44,1
TM,SUN_L,3641,SUN_R,3721,SUN_NDV,-0.0109,SUN_ANGLE,-12.60
TM,MAG_X,-7.52,MAG_Y,48.29,MAG_Z,12.11,MAG_HEADING,98.85
TM,GYRO_X,-1.365,GYRO_Y,-2.065,GYRO_Z,0.174,BODY_RATE,-0.174
TM,TEAM_CR,83,1390653,0.0,-3.2,-2.8,2.8,0.2,44.6,33.9,0.0,45,1
TM,TEAM_CR,84,1390694,0.0,-3.3,-2.8,2.8,0.2,44.8,34.0,0.0,45,1
TM,TEAM_CR,85,1390734,0.0,-3.3,-2.8,2.8,-0.1,45.5,34.1,0.0,45,1
TM,TEAM_CR,86,1390774,0.0,-3.3,-2.8,2.8,0.0,45.4,34.2,0.0,45,1
TM,TEAM_CR,87,1390814,0.0,-3.1,-2.8,2.8,0.6,44.4,34.3,0.0,44,1
TM,TEAM_CR,88,1390854,0.0,-3.1,-2.8,2.8,0.3,45.1,34.5,0.0,45,1
TM,TEAM_CR,89,1390894,0.0,-3.2,-2.8,2.8,0.2,45.5,34.6,0.0,45,1
TM,TEAM_CR,90,1390944,0.0,-3.2,-2.8,2.8,0.4,45.1,34.7,0.0,45,1
TM,TEAM_CR,91,1390984,0.0,-3.0,-2.8,2.8,0.0,46.2,34.8,0.0,46,1
TM,TEAM_CR,92,1391032,0.0,-3.1,-2.8,2.8,-0.1,46.5,34.9,0.0,46,1
TM,TEAM_CR,93,1391072,0.0,-2.9,-2.8,2.8,0.4,45.7,35.0,0.0,46,1
TM,TEAM_CR,94,1391112,0.0,-3.1,-2.8,2.8,0.5,45.5,35.1,0.0,45,1
TM,TEAM_CR,95,1391152,0.0,-3.1,-2.8,2.8,0.5,45.5,35.2,0.0,45,1
TM,TEAM_CR,96,1391193,0.0,-3.1,-2.8,2.8,0.1,46.3,35.4,0.0,46,1
TM,TEAM_CR,97,1391233,0.0,-3.2,-2.8,2.8,-0.3,47.3,35.5,0.0,47,1
TM,TEAM_CR,98,1391273,0.0,-3.1,-2.8,2.8,0.2,46.5,35.6,0.0,47,1
TM,ADCS_MODE,MANUAL,ADCS_REFERENCE,SUN,TARGET,0.00,POINTING_ERROR,12.60,SUN_ERROR,12.90,MAG_ERROR,-98.75,GYRO_Z,-0.666,RW_CMD,0
TM,EST_RAW,-12.90,EST_FILTERED,-12.90,EST_ANGLE,-12.60,EST_FILTER,ON,EST_FILTER_TYPE,MOVING_AVERAGE,EST_MA_WINDOW,1,EST_FILTER_STRENGTH,0.35
TM,EST_FUSION,ON,EST_GYRO_WEIGHT,0.98,EST_VALID,1
TM,TEAM_CR,99,1391313,0.0,-3.1,-2.8,2.8,0.2,46.7,35.7,0.0,47,1
TM,TEAM_CR,100,1391354,0.0,-3.0,-2.8,2.8,0.8,45.4,35.8,0.0,45,1
TM,SUN_L,3642,SUN_R,3719,SUN_NDV,-0.0105,SUN_ANGLE,-12.77
TM,MAG_X,-7.42,MAG_Y,48.24,MAG_Z,11.94,MAG_HEADING,98.75
TM,GYRO_X,-1.260,GYRO_Y,-2.100,GYRO_Z,0.419,BODY_RATE,-0.419
TM,TEAM_CR,101,1391394,0.0,-3.0,-2.8,2.8,0.4,46.3,35.9,0.0,46,1
TM,TEAM_CR,102,1391443,0.0,-3.0,-2.8,2.8,-0.1,47.5,36.0,0.0,48,1
TM,TEAM_CR,103,1391483,0.0,-2.9,-2.8,2.8,0.1,47.2,36.2,0.0,47,1
TM,TEAM_CR,104,1391523,0.0,-2.8,-2.8,2.8,0.2,47.1,36.3,0.0,47,1
TM,TEAM_CR,105,1391564,0.0,-2.9,-2.8,2.8,0.7,46.0,36.4,0.0,46,1
TM,TEAM_CR,106,1391612,0.0,-3.0,-2.8,2.8,0.2,47.2,36.5,0.0,47,1
TM,TEAM_CR,107,1391652,0.0,-3.0,-2.8,2.8,0.2,47.3,36.6,0.0,47,1
TM,TEAM_CR,108,1391694,0.0,-3.1,-2.8,2.8,0.2,47.5,36.7,0.0,48,1
TM,TEAM_CR,109,1391734,0.0,-3.0,-2.8,2.8,0.8,46.3,36.8,0.0,46,1
TM,TEAM_CR,110,1391774,0.0,-2.9,-2.7,2.7,1.2,45.4,36.9,0.0,45,1
TM,TEAM_CR,111,1391814,0.0,-2.8,-2.7,2.7,0.5,46.8,37.0,0.0,47,1
TM,TEAM_CR,112,1391855,0.0,-3.2,-2.7,2.7,0.3,47.4,37.1,0.0,47,1
TM,TEAM_CR,113,1391894,0.0,-2.9,-2.7,2.7,1.1,45.9,37.3,0.0,46,1
TM,TEAM_CR,114,1391944,0.0,-2.9,-2.6,2.6,2.0,43.7,37.4,0.0,44,1
TM,TEAM_CR,115,1391984,0.0,-2.8,-2.6,2.6,1.3,45.1,37.5,0.0,45,1
TM,TEAM_CR,116,1392032,0.0,-2.6,-2.5,2.5,1.1,45.5,37.6,0.0,46,1
TM,TEAM_CR,117,1392072,0.0,-2.7,-2.5,2.5,1.5,44.6,37.7,0.0,45,1
TM,TEAM_CR,118,1392112,0.0,-2.8,-2.4,2.4,2.3,42.8,37.8,0.0,43,1
TM,TEAM_CR,119,1392152,0.0,-2.6,-2.4,2.4,0.6,46.1,37.9,0.0,46,1
TM,SUN_L,3643,SUN_R,3720,SUN_NDV,-0.0105,SUN_ANGLE,-12.60
TM,MAG_X,-7.50,MAG_Y,48.08,MAG_Z,12.16,MAG_HEADING,98.87
TM,GYRO_X,-0.919,GYRO_Y,-2.109,GYRO_Z,-0.159,BODY_RATE,0.159
TM,TEAM_CR,120,1392194,0.0,-2.7,-2.4,2.4,0.8,45.9,37.9,0.0,46,1
TM,ADCS_MODE,MANUAL,ADCS_REFERENCE,SUN,TARGET,0.00,POINTING_ERROR,12.62,SUN_ERROR,12.72,MAG_ERROR,-98.87,GYRO_Z,-0.281,RW_CMD,0
TM,EST_RAW,-12.72,EST_FILTERED,-12.72,EST_ANGLE,-12.62,EST_FILTER,ON,EST_FILTER_TYPE,MOVING_AVERAGE,EST_MA_WINDOW,1,EST_FILTER_STRENGTH,0.35
TM,EST_FUSION,ON,EST_GYRO_WEIGHT,0.98,EST_VALID,1
TM,TEAM_CR,121,1392234,0.0,-2.5,-2.4,2.4,0.9,45.6,38.0,0.0,46,1
TM,TEAM_CR,122,1392274,0.0,-2.7,-2.3,2.3,2.2,42.9,38.1,0.0,43,1
TM,TEAM_CR,123,1392315,0.0,-2.5,-2.3,2.3,0.5,46.4,38.2,0.0,46,1
TM,TEAM_CR,124,1392354,0.0,-2.5,-2.2,2.2,1.0,45.3,38.3,0.0,45,1
TM,TEAM_CR,125,1392394,0.0,-2.4,-2.2,2.2,2.3,42.5,38.4,0.0,43,1
TM,TEAM_CR,126,1392444,0.0,-2.5,-2.1,2.1,2.5,41.8,38.5,0.0,42,1
TM,TEAM_CR,127,1392484,0.0,-2.4,-2.0,2.0,0.8,45.2,38.6,0.0,45,1
TM,TEAM_CR,128,1392525,0.0,-2.3,-2.0,2.0,1.7,43.2,38.6,0.0,43,1
TM,TEAM_CR,129,1392564,0.0,-2.2,-1.9,1.9,2.5,41.3,38.7,0.0,41,1
TM,TEAM_CR,130,1392612,0.0,-2.3,-1.8,1.8,2.1,41.9,38.8,0.0,42,1
TM,TEAM_CR,131,1392652,0.0,-2.2,-1.8,1.8,1.0,43.9,38.9,0.0,44,1
TM,TEAM_CR,132,1392695,0.0,-2.1,-1.7,1.7,2.0,41.8,38.9,0.0,42,1
TM,TEAM_CR,133,1392734,0.0,-2.1,-1.6,1.6,2.4,40.8,39.0,0.0,41,1
TM,TEAM_CR,134,1392774,0.0,-2.0,-1.6,1.6,0.5,44.6,39.1,0.0,45,1
TM,TEAM_CR,135,1392814,0.0,-1.9,-1.6,1.6,0.7,44.1,39.1,0.0,44,1
TM,TEAM_CR,136,1392854,0.0,-2.1,-1.6,1.6,1.4,42.6,39.2,0.0,43,1
TM,TEAM_CR,137,1392894,0.0,-1.9,-1.5,1.5,1.3,42.9,39.3,0.0,43,1
TM,SUN_L,3642,SUN_R,3720,SUN_NDV,-0.0106,SUN_ANGLE,-12.63
TM,MAG_X,-7.60,MAG_Y,48.02,MAG_Z,12.38,MAG_HEADING,98.99
TM,GYRO_X,-1.575,GYRO_Y,-2.100,GYRO_Z,0.848,BODY_RATE,-0.848
TM,TEAM_CR,138,1392944,0.0,-2.1,-1.5,1.5,1.2,43.0,39.3,0.0,43,1
TM,TEAM_CR,139,1392984,0.0,-1.9,-1.4,1.4,2.3,40.5,39.4,0.0,41,1
TM,TEAM_CR,140,1393032,0.0,-1.8,-1.3,1.3,2.5,39.7,39.4,0.0,40,1
TM,TEAM_CR,141,1393072,0.0,-1.6,-1.3,1.3,2.0,40.5,39.5,0.0,40,1
TM,TEAM_CR,142,1393112,0.0,-1.6,-1.2,1.2,2.5,39.3,39.5,0.0,39,1
TM,TEAM_CR,143,1393153,0.0,-1.5,-1.1,1.1,2.6,38.7,39.6,0.0,39,1
TM,ADCS_MODE,MANUAL,ADCS_REFERENCE,SUN,TARGET,0.00,POINTING_ERROR,12.61,SUN_ERROR,12.81,MAG_ERROR,-98.86,GYRO_Z,-0.369,RW_CMD,0
TM,EST_RAW,-12.81,EST_FILTERED,-12.81,EST_ANGLE,-12.61,EST_FILTER,ON,EST_FILTER_TYPE,MOVING_AVERAGE,EST_MA_WINDOW,1,EST_FILTER_STRENGTH,0.35
TM,EST_FUSION,ON,EST_GYRO_WEIGHT,0.98,EST_VALID,1
TM,TEAM_CR,144,1393194,0.0,-1.1,-1.0,1.0,2.2,39.1,39.6,0.0,39,1
TM,TEAM_CR,145,1393234,0.0,-1.2,-0.9,0.9,1.9,39.6,39.7,0.0,40,1
TM,TEAM_CR,146,1393274,0.0,-1.1,-0.9,0.9,2.6,37.8,39.7,0.0,38,1
TM,TEAM_CR,147,1393314,0.0,-1.3,-0.7,0.7,3.0,36.6,39.7,0.0,37,1
TM,TEAM_CR,148,1393354,0.0,-0.8,-0.6,0.6,2.3,37.7,39.8,0.0,38,1
TM,TEAM_CR,149,1393394,0.0,-1.0,-0.6,0.6,2.6,36.9,39.8,0.0,37,1
TM,TEAM_CR,150,1393444,0.0,-0.8,-0.5,0.5,2.3,39.8,39.8,0.0,40,1
TM,TEAM_CR,151,1393484,0.0,-0.5,-0.4,0.4,1.6,39.8,39.8,0.0,40,1
TM,TEAM_CR,152,1393524,0.0,-0.8,-0.3,0.3,1.8,39.8,39.8,0.0,40,1
TM,TEAM_CR,153,1393564,0.0,-0.7,-0.3,0.3,2.0,39.8,39.8,0.0,40,1
TM,TEAM_CR,154,1393615,0.0,-0.4,-0.2,0.2,1.8,39.8,39.8,0.0,40,1
TM,TEAM_CR,155,1393654,0.0,-0.3,-0.1,0.1,2.2,39.8,39.8,0.0,40,1
TM,SUN_L,3641,SUN_R,3719,SUN_NDV,-0.0106,SUN_ANGLE,-12.62
TM,MAG_X,-7.55,MAG_Y,47.98,MAG_Z,12.30,MAG_HEADING,98.94
TM,GYRO_X,-1.540,GYRO_Y,-2.135,GYRO_Z,0.218,BODY_RATE,-0.218
TM,TEAM_CR,156,1393694,0.0,-0.4,0.0,0.0,2.5,39.8,39.8,0.0,40,3
TM,TEAM_CR,157,1393734,0.0,-0.1,0.1,-0.1,2.6,39.8,39.8,0.0,40,3
TM,TEAM_CR,158,1393774,0.0,-0.3,0.1,-0.1,3.0,39.8,39.8,0.0,40,3
TM,TEAM_CR,159,1393814,0.0,-0.1,0.3,-0.3,4.4,39.8,39.8,0.0,40,3
TM,TEAM_CR,160,1393854,0.0,0.2,0.4,-0.4,4.2,39.8,39.8,0.0,40,3
TM,TEAM_CR,161,1393894,0.0,0.2,0.6,-0.6,4.1,39.8,39.8,0.0,40,3
TM,TEAM_CR,162,1393945,0.0,0.3,0.8,-0.8,5.2,39.8,39.8,0.0,40,3
TM,TEAM_CR,163,1393985,0.0,0.4,1.0,-1.0,5.2,32.5,39.8,0.0,38,3
TM,TEAM_CR,164,1394034,0.0,0.6,1.2,-1.2,3.6,33.7,39.7,0.0,34,3
TM,TEAM_CR,165,1394073,0.0,1.0,1.3,-1.3,3.6,33.5,39.7,0.0,33,3
TM,TEAM_CR,166,1394113,0.0,0.8,1.4,-1.4,2.9,34.0,39.7,0.0,34,3
TM,ADCS_MODE,MANUAL,ADCS_REFERENCE,SUN,TARGET,0.00,POINTING_ERROR,12.64,SUN_ERROR,12.78,MAG_ERROR,-98.94,GYRO_Z,-0.404,RW_CMD,0
TM,EST_RAW,-12.78,EST_FILTERED,-12.78,EST_ANGLE,-12.64,EST_FILTER,ON,EST_FILTER_TYPE,MOVING_AVERAGE,EST_MA_WINDOW,1,EST_FILTER_STRENGTH,0.35
TM,EST_FUSION,ON,EST_GYRO_WEIGHT,0.98,EST_VALID,1
TM,TEAM_CR,167,1394153,0.0,0.9,1.5,-1.5,1.4,35.3,39.7,0.0,35,3
TM,TEAM_CR,168,1394194,0.0,1.0,1.5,-1.5,1.8,34.8,39.6,0.0,35,3
TM,TEAM_CR,169,1394234,0.0,0.8,1.5,-1.5,1.2,35.3,39.6,0.0,35,3
TM,TEAM_CR,170,1394274,0.0,2.0,1.6,-1.6,1.0,35.4,39.6,0.0,35,3
TM,TEAM_CR,171,1394314,0.0,1.0,1.6,-1.6,1.8,34.5,39.5,0.0,35,3
TM,TEAM_CR,172,1394354,0.0,0.9,1.7,-1.7,1.7,34.5,39.5,0.0,35,3
TM,TEAM_CR,173,1394394,0.0,1.1,1.7,-1.7,1.9,34.2,39.5,0.0,34,3
TM,SUN_L,3642,SUN_R,3721,SUN_NDV,-0.0107,SUN_ANGLE,-12.90
TM,MAG_X,-7.54,MAG_Y,48.00,MAG_Z,12.37,MAG_HEADING,98.92
TM,GYRO_X,-1.391,GYRO_Y,-1.934,GYRO_Z,-0.089,BODY_RATE,0.089
TM,TEAM_CR,174,1394446,0.0,1.4,1.8,-1.8,2.2,33.7,39.4,0.0,34,3
TM,TEAM_CR,175,1394486,0.0,1.2,1.8,-1.8,1.9,33.9,39.4,0.0,34,3
TM,TEAM_CR,176,1394526,0.0,1.2,1.9,-1.9,2.3,33.3,39.4,0.0,33,3
TM,TEAM_CR,177,1394566,0.0,1.5,2.0,-2.0,2.4,33.0,39.3,0.0,33,3
TM,TEAM_CR,178,1394614,0.0,1.4,2.0,-2.0,1.5,33.7,39.3,0.0,34,3
TM,TEAM_CR,179,1394653,0.0,1.4,2.1,-2.1,2.2,32.9,39.2,0.0,33,3
TM,TEAM_CR,180,1394694,0.0,1.6,2.2,-2.2,2.4,32.5,39.2,0.0,32,3
TM,TEAM_CR,181,1394734,0.0,1.6,2.2,-2.2,1.4,33.3,39.2,0.0,33,3
TM,TEAM_CR,182,1394774,0.0,1.6,2.3,-2.3,1.6,33.0,39.1,0.0,33,3
TM,TEAM_CR,183,1394814,0.0,1.7,2.3,-2.3,1.9,32.5,39.1,0.0,33,3
TM,TEAM_CR,184,1394855,0.0,2.4,2.4,-2.4,2.0,32.2,39.0,0.0,32,3
TM,TEAM_CR,185,1394894,0.0,1.7,2.5,-2.5,2.3,31.8,39.0,0.0,32,3
TM,TEAM_CR,186,1394945,0.0,1.8,2.6,-2.6,2.4,31.4,38.9,0.0,31,3
TM,TEAM_CR,187,1394985,0.0,1.9,2.6,-2.6,2.2,31.5,38.9,0.0,31,3
TM,TEAM_CR,188,1395033,0.0,2.2,2.7,-2.7,2.4,31.0,38.8,0.0,31,3
TM,TEAM_CR,189,1395073,0.0,2.3,2.8,-2.8,1.8,31.5,38.8,0.0,31,3
TM,ADCS_MODE,MANUAL,ADCS_REFERENCE,SUN,TARGET,0.00,POINTING_ERROR,12.66,SUN_ERROR,12.66,MAG_ERROR,-98.82,GYRO_Z,-0.071,RW_CMD,0
TM,EST_RAW,-12.66,EST_FILTERED,-12.66,EST_ANGLE,-12.66,EST_FILTER,ON,EST_FILTER_TYPE,MOVING_AVERAGE,EST_MA_WINDOW,1,EST_FILTER_STRENGTH,0.35
TM,EST_FUSION,ON,EST_GYRO_WEIGHT,0.98,EST_VALID,1
TM,TEAM_CR,190,1395113,0.0,2.4,2.8,-2.8,1.8,31.3,38.7,0.0,31,3
TM,TEAM_CR,191,1395153,0.0,2.6,2.9,-2.9,1.9,31.0,38.6,0.0,31,3
TM,SUN_L,3642,SUN_R,3720,SUN_NDV,-0.0106,SUN_ANGLE,-12.45
TM,MAG_X,-7.46,MAG_Y,48.06,MAG_Z,12.11,MAG_HEADING,98.82
TM,GYRO_X,-1.234,GYRO_Y,-1.995,GYRO_Z,-0.272,BODY_RATE,0.272
TM,TEAM_CR,192,1395195,0.0,2.4,2.9,-2.9,1.4,31.3,38.6,0.0,31,3
TM,TEAM_CR,193,1395235,0.0,2.2,3.0,-3.0,2.2,30.4,38.5,0.0,30,3
TM,TEAM_CR,194,1395275,0.0,2.4,3.0,-3.0,1.6,23.2,38.4,0.0,23,1
TM,TEAM_CR,195,1395316,0.0,2.8,3.0,-3.0,0.6,24.9,38.3,0.0,25,1
TM,TEAM_CR,196,1395355,0.0,2.7,3.1,-3.1,0.7,24.6,38.2,0.0,25,1
TM,TEAM_CR,197,1395395,0.0,2.4,3.0,-3.0,0.3,25.2,38.0,0.0,25,1
TM,TEAM_CR,198,1395445,0.0,2.7,3.0,-3.0,0.0,25.7,37.9,0.0,26,1
TM,TEAM_CR,199,1395485,0.0,2.8,3.0,-3.0,0.3,25.0,37.8,0.0,25,1
TM,TEAM_CR,200,1395525,0.0,2.7,3.0,-3.0,0.1,25.3,37.7,0.0,25,1
TM,TEAM_CR,201,1395565,0.0,2.7,3.0,-3.0,0.0,25.4,37.6,0.0,25,1
TM,TEAM_CR,202,1395613,0.0,2.8,3.0,-3.0,0.2,25.0,37.4,0.0,25,1
TM,TEAM_CR,203,1395653,0.0,3.1,3.0,-3.0,-0.1,25.5,37.3,0.0,26,1
TM,TEAM_CR,204,1395694,0.0,2.4,3.0,-3.0,0.5,24.1,37.2,0.0,25,1
TM,TEAM_CR,205,1395734,0.0,2.8,3.0,-3.0,0.2,24.6,37.1,0.0,25,1
TM,TEAM_CR,206,1395774,0.0,2.8,3.0,-3.0,-0.1,25.1,36.9,0.0,25,1
TM,TEAM_CR,207,1395814,0.0,2.8,3.0,-3.0,0.2,24.4,36.8,0.0,24,1
TM,TEAM_CR,208,1395854,0.0,2.8,3.0,-3.0,-0.1,25.1,36.7,0.0,25,1
TM,TEAM_CR,209,1395894,0.0,2.8,3.0,-3.0,-0.1,24.9,36.6,0.0,25,1
TM,TEAM_CR,210,1395946,0.0,2.6,3.0,-3.0,0.4,23.8,36.5,0.0,24,1
TM,SUN_L,3642,SUN_R,3719,SUN_NDV,-0.0105,SUN_ANGLE,-12.65
TM,MAG_X,-7.60,MAG_Y,47.89,MAG_Z,12.54,MAG_HEADING,99.02
TM,GYRO_X,-1.242,GYRO_Y,-1.855,GYRO_Z,0.139,BODY_RATE,-0.139
TM,TEAM_CR,211,1395985,0.0,3.0,3.0,-3.0,-0.2,24.8,36.4,0.0,25,1
TM,ADCS_MODE,MANUAL,ADCS_REFERENCE,SUN,TARGET,0.00,POINTING_ERROR,12.61,SUN_ERROR,12.56,MAG_ERROR,-99.02,GYRO_Z,-0.587,RW_CMD,0
TM,EST_RAW,-12.56,EST_FILTERED,-12.56,EST_ANGLE,-12.61,EST_FILTER,ON,EST_FILTER_TYPE,MOVING_AVERAGE,EST_MA_WINDOW,1,EST_FILTER_STRENGTH,0.35
TM,EST_FUSION,ON,EST_GYRO_WEIGHT,0.98,EST_VALID,1
TM,TEAM_CR,212,1396032,0.0,2.8,3.0,-3.0,0.1,24.2,36.2,0.0,24,1
TM,TEAM_CR,213,1396072,0.0,2.6,3.0,-3.0,0.1,24.2,36.1,0.0,24,1
TM,TEAM_CR,214,1396112,0.0,2.7,2.9,-2.9,-0.4,25.0,36.0,0.0,25,1
TM,TEAM_CR,215,1396152,0.0,2.7,2.9,-2.9,0.2,23.9,35.9,0.0,24,1
TM,TEAM_CR,216,1396194,0.0,2.8,2.9,-2.9,-0.1,24.2,35.8,0.0,24,1
TM,TEAM_CR,217,1396234,0.0,2.5,2.9,-2.9,0.1,23.8,35.6,0.0,24,1
TM,TEAM_CR,218,1396274,0.0,2.9,2.9,-2.9,-0.1,24.1,35.5,0.0,24,1
TM,TEAM_CR,219,1396314,0.0,2.8,2.9,-2.9,-0.3,24.4,35.4,0.0,24,1
TM,TEAM_CR,220,1396354,0.0,2.6,2.9,-2.9,0.0,23.9,35.3,0.0,24,1
TM,TEAM_CR,221,1396394,0.0,2.7,2.9,-2.9,-0.3,24.3,35.2,0.0,24,1
TM,TEAM_CR,222,1396444,0.0,2.7,2.8,-2.8,-0.2,24.2,35.1,0.0,24,1
TM,TEAM_CR,223,1396484,0.0,2.7,2.8,-2.8,0.1,23.4,35.0,0.0,23,1
TM,TEAM_CR,224,1396524,0.0,2.7,2.8,-2.8,-0.7,25.0,34.8,0.0,25,1
TM,TEAM_CR,225,1396564,0.0,2.5,2.8,-2.8,-0.1,23.8,34.7,0.0,24,1
TM,TEAM_CR,226,1396613,0.0,2.6,2.8,-2.8,-0.2,24.0,34.6,0.0,24,1
TM,TEAM_CR,227,1396653,0.0,2.4,2.7,-2.7,-0.6,24.7,34.5,0.0,25,1
TM,TEAM_CR,228,1396694,0.0,2.4,2.7,-2.7,0.2,23.1,34.4,0.0,23,1
TM,SUN_L,3642,SUN_R,3720,SUN_NDV,-0.0106,SUN_ANGLE,-12.76
TM,MAG_X,-7.62,MAG_Y,47.79,MAG_Z,12.35,MAG_HEADING,99.05
TM,GYRO_X,-1.295,GYRO_Y,-2.196,GYRO_Z,-0.596,BODY_RATE,0.596
TM,TEAM_CR,229,1396734,0.0,2.3,2.7,-2.7,-0.3,24.0,34.3,0.0,24,1
TM,TEAM_CR,230,1396774,0.0,2.4,2.7,-2.7,-0.3,24.1,34.2,0.0,24,1
TM,TEAM_CR,231,1396814,0.0,2.3,2.7,-2.7,0.2,23.0,34.1,0.0,23,1
TM,TEAM_CR,232,1396854,0.0,2.9,2.7,-2.7,-0.2,23.7,34.0,0.0,24,1
TM,TEAM_CR,233,1396894,0.0,2.8,2.7,-2.7,-0.1,23.4,33.9,0.0,23,1
TM,TEAM_CR,234,1396945,0.0,2.5,2.6,-2.6,-0.2,23.7,33.8,0.0,24,1
TM,ADCS_MODE,MANUAL,ADCS_REFERENCE,SUN,TARGET,0.00,POINTING_ERROR,12.63,SUN_ERROR,12.68,MAG_ERROR,-99.05,GYRO_Z,0.760,RW_CMD,0
TM,EST_RAW,-12.68,EST_FILTERED,-12.68,EST_ANGLE,-12.63,EST_FILTER,ON,EST_FILTER_TYPE,MOVING_AVERAGE,EST_MA_WINDOW,1,EST_FILTER_STRENGTH,0.35
TM,EST_FUSION,ON,EST_GYRO_WEIGHT,0.98,EST_VALID,1
TM,TEAM_CR,235,1396985,0.0,2.7,2.6,-2.6,-0.2,23.6,33.7,0.0,24,1
TM,TEAM_CR,236,1397034,0.0,2.5,2.6,-2.6,-0.2,23.5,33.6,0.0,24,1
TM,TEAM_CR,237,1397073,0.0,2.6,2.6,-2.6,-0.2,23.5,33.5,0.0,23,1
TM,TEAM_CR,238,1397113,0.0,2.6,2.6,-2.6,-0.5,24.0,33.3,0.0,24,1
TM,TEAM_CR,239,1397153,0.0,2.6,2.6,-2.6,-0.2,23.4,33.2,0.0,23,1
TM,TEAM_CR,240,1397194,0.0,2.7,2.6,-2.6,-0.3,23.5,33.1,0.0,23,1
TM,TEAM_CR,241,1397234,0.0,2.3,2.6,-2.6,-0.5,23.8,33.0,0.0,24,1
TM,TEAM_CR,242,1397274,0.0,1.5,2.5,-2.5,-0.9,24.7,32.9,0.0,25,1
TM,TEAM_CR,243,1397314,0.0,2.4,2.5,-2.5,-0.5,23.8,32.8,0.0,24,1
TM,TEAM_CR,244,1397354,0.0,2.4,2.5,-2.5,-0.2,23.2,32.7,0.0,23,1
TM,TEAM_CR,245,1397394,0.0,2.5,2.5,-2.5,-0.5,23.9,32.6,0.0,24,1
TM,TEAM_CR,246,1397446,0.0,2.4,2.4,-2.4,-0.4,23.6,32.5,0.0,24,1
TM,SUN_L,3642,SUN_R,3720,SUN_NDV,-0.0106,SUN_ANGLE,-12.51
TM,MAG_X,-7.57,MAG_Y,47.84,MAG_Z,12.35,MAG_HEADING,98.99
TM,GYRO_X,-1.365,GYRO_Y,-1.864,GYRO_Z,0.524,BODY_RATE,-0.524
TM,TEAM_CR,247,1397486,0.0,2.6,2.4,-2.4,-0.8,24.3,32.4,0.0,24,1
TM,TEAM_CR,248,1397526,0.0,2.5,2.4,-2.4,-0.7,24.3,32.4,0.0,24,1
TM,TEAM_CR,249,1397566,0.0,2.3,2.4,-2.4,-0.2,23.2,32.3,0.0,23,1
TM,TEAM_CR,250,1397614,0.0,2.6,2.4,-2.4,-0.6,23.9,32.2,0.0,24,1
TM,TEAM_CR,251,1397653,0.0,2.5,2.3,-2.3,-0.5,23.8,32.1,0.0,24,1
TM,TEAM_CR,252,1397694,0.0,2.7,2.3,-2.3,-0.1,22.7,32.0,0.0,23,1
TM,TEAM_CR,253,1397734,0.0,2.7,2.3,-2.3,-0.8,24.1,31.9,0.0,24,1
TM,TEAM_CR,254,1397774,0.0,2.3,2.3,-2.3,-0.9,24.3,31.8,0.0,22,1
TM,TEAM_CR,255,1397814,0.0,2.5,2.3,-2.3,-0.5,23.5,31.7,0.0,23,1
TM,TEAM_CR,256,1397855,0.0,2.3,2.3,-2.3,-1.2,24.8,31.6,0.0,25,1
TM,TEAM_CR,257,1397894,0.0,2.4,2.3,-2.3,-0.8,24.1,31.5,0.0,24,1
TM,ADCS_MODE,MANUAL,ADCS_REFERENCE,SUN,TARGET,0.00,POINTING_ERROR,12.59,SUN_ERROR,12.53,MAG_ERROR,-98.93,GYRO_Z,-0.141,RW_CMD,0
TM,EST_RAW,-12.53,EST_FILTERED,-12.53,EST_ANGLE,-12.59,EST_FILTER,ON,EST_FILTER_TYPE,MOVING_AVERAGE,EST_MA_WINDOW,1,EST_FILTER_STRENGTH,0.35
TM,EST_FUSION,ON,EST_GYRO_WEIGHT,0.98,EST_VALID,1
TM,TEAM_CR,258,1397944,0.0,2.3,2.2,-2.2,-1.0,24.6,31.4,0.0,25,1
TM,TEAM_CR,259,1397984,0.0,2.4,2.2,-2.2,-0.2,23.0,31.3,0.0,23,1
TM,TEAM_CR,260,1398033,0.0,2.2,2.2,-2.2,-1.4,25.4,31.2,0.0,25,1
TM,TEAM_CR,261,1398073,0.0,1.8,2.1,-2.1,-1.1,24.9,31.2,0.0,25,1
TM,TEAM_CR,262,1398113,0.0,1.9,2.1,-2.1,-0.2,23.0,31.1,0.0,23,1
TM,TEAM_CR,263,1398153,0.0,1.9,2.1,-2.1,-1.0,24.7,31.0,0.0,25,1
TM,TEAM_CR,264,1398195,0.0,1.9,2.0,-2.0,-0.5,23.7,30.9,0.0,24,1
TM,SUN_L,3642,SUN_R,3718,SUN_NDV,-0.0103,SUN_ANGLE,-12.61
TM,MAG_X,-7.54,MAG_Y,47.94,MAG_Z,12.50,MAG_HEADING,98.93
TM,GYRO_X,-1.426,GYRO_Y,-2.100,GYRO_Z,0.078,BODY_RATE,-0.078
TM,TEAM_CR,265,1398235,0.0,1.9,2.0,-2.0,-1.0,24.8,30.8,0.0,25,1
TM,TEAM_CR,266,1398275,0.0,1.6,2.0,-2.0,-0.8,24.5,30.8,0.0,24,1
TM,TEAM_CR,267,1398315,0.0,1.8,1.9,-1.9,0.3,22.3,30.7,0.0,23,1
TM,TEAM_CR,268,1398355,0.0,1.8,1.9,-1.9,-0.4,23.7,30.6,0.0,24,1
TM,TEAM_CR,269,1398395,0.0,2.1,1.9,-1.9,-0.5,23.9,30.5,0.0,24,1
TM,TEAM_CR,270,1398446,0.0,2.1,1.9,-1.9,0.0,22.8,30.4,0.0,23,1
TM,TEAM_CR,271,1398486,0.0,2.1,1.9,-1.9,-0.7,24.1,30.4,0.0,24,1
TM,TEAM_CR,272,1398526,0.0,2.1,1.9,-1.9,-0.1,23.0,30.3,0.0,23,1
TM,TEAM_CR,273,1398566,0.0,2.1,1.9,-1.9,-0.4,23.4,30.2,0.0,23,1
TM,TEAM_CR,274,1398613,0.0,1.8,1.9,-1.9,-0.5,23.6,30.1,0.0,24,1
TM,TEAM_CR,275,1398653,0.0,2.0,1.9,-1.9,-0.9,24.5,30.1,0.0,24,1
TM,TEAM_CR,276,1398696,0.0,1.9,1.8,-1.8,-0.7,24.2,30.0,0.0,24,1
TM,TEAM_CR,277,1398736,0.0,2.1,1.8,-1.8,-0.5,23.8,29.9,0.0,24,1
TM,TEAM_CR,278,1398776,0.0,2.0,1.8,-1.8,-1.0,24.7,29.9,0.0,25,1
TM,TEAM_CR,279,1398817,0.0,2.0,1.8,-1.8,-0.6,23.9,29.8,0.0,24,1
TM,TEAM_CR,280,1398856,0.0,1.9,1.8,-1.8,0.0,22.7,29.7,0.0,23,1
TM,ADCS_MODE,MANUAL,ADCS_REFERENCE,SUN,TARGET,0.00,POINTING_ERROR,12.62,SUN_ERROR,12.87,MAG_ERROR,-98.96,GYRO_Z,-0.220,RW_CMD,0
TM,EST_RAW,-12.87,EST_FILTERED,-12.87,EST_ANGLE,-12.62,EST_FILTER,ON,EST_FILTER_TYPE,MOVING_AVERAGE,EST_MA_WINDOW,1,EST_FILTER_STRENGTH,0.35
TM,EST_FUSION,ON,EST_GYRO_WEIGHT,0.98,EST_VALID,1
TM,TEAM_CR,281,1398896,0.0,2.1,1.7,-1.7,-1.1,25.0,29.6,0.0,25,1
TM,TEAM_CR,282,1398946,0.0,1.5,1.7,-1.7,0.1,22.6,29.6,0.0,23,1
TM,SUN_L,3643,SUN_R,3717,SUN_NDV,-0.0101,SUN_ANGLE,-12.64
TM,MAG_X,-7.66,MAG_Y,47.70,MAG_Z,12.59,MAG_HEADING,99.13
TM,GYRO_X,-1.173,GYRO_Y,-1.899,GYRO_Z,-0.727,BODY_RATE,0.727
TM,TEAM_CR,283,1398986,0.0,1.7,1.7,-1.7,-0.6,24.0,29.5,0.0,24,1
TM,TEAM_CR,284,1399034,0.0,1.7,1.7,-1.7,-0.4,23.5,29.4,0.0,23,1
TM,TEAM_CR,285,1399074,0.0,2.0,1.7,-1.7,-0.2,23.1,29.4,0.0,23,1
TM,TEAM_CR,286,1399114,0.0,1.6,1.6,-1.6,-0.8,24.3,29.3,0.0,24,1
TM,TEAM_CR,287,1399154,0.0,1.6,1.6,-1.6,0.0,22.7,29.2,0.0,23,1
TM,TEAM_CR,288,1399196,0.0,1.7,1.6,-1.6,-0.4,23.5,29.2,0.0,24,1
TM,TEAM_CR,289,1399237,0.0,1.7,1.6,-1.6,-0.1,22.7,29.1,0.0,23,1
TM,TEAM_CR,290,1399276,0.0,1.7,1.7,-1.7,0.7,21.0,29.0,0.0,21,1
TM,TEAM_CR,291,1399316,0.0,1.7,1.7,-1.7,-0.2,22.8,29.0,0.0,23,1
TM,TEAM_CR,292,1399356,0.0,1.6,1.7,-1.7,0.5,21.2,28.9,0.0,21,1
TM,TEAM_CR,293,1399396,0.0,1.7,1.7,-1.7,-0.4,23.0,28.8,0.0,23,1
TM,TEAM_CR,294,1399445,0.0,1.5,1.7,-1.7,-0.1,22.5,28.8,0.0,22,1
TM,TEAM_CR,295,1399485,0.0,1.5,1.7,-1.7,0.2,21.6,28.7,0.0,22,1
TM,TEAM_CR,296,1399525,0.0,1.7,1.6,-1.6,-0.6,23.3,28.6,0.0,23,1
TM,TEAM_CR,297,1399565,0.0,1.8,1.6,-1.6,-0.1,22.2,28.6,0.0,22,1
TM,TEAM_CR,298,1399614,0.0,1.4,1.6,-1.6,-0.5,23.0,28.5,0.0,23,1
TM,TEAM_CR,299,1399654,0.0,1.5,1.6,-1.6,-0.5,23.0,28.4,0.0,23,1
TM,TEAM_CR,300,1399695,0.0,1.7,1.6,-1.6,0.4,21.1,28.4,0.0,21,1
TM,TEAM_CR,301,1399735,0.0,1.6,1.6,-1.6,-0.4,22.7,28.3,0.0,23,1
TM,SUN_L,3641,SUN_R,3718,SUN_NDV,-0.0105,SUN_ANGLE,-12.47
TM,MAG_X,-7.70,MAG_Y,47.50,MAG_Z,12.67,MAG_HEADING,99.20
TM,GYRO_X,-1.024,GYRO_Y,-2.144,GYRO_Z,-1.112,BODY_RATE,1.112
TM,TEAM_CR,302,1399775,0.0,1.5,1.6,-1.6,0.5,20.8,28.3,0.0,21,1
TM,ADCS_MODE,MANUAL,ADCS_REFERENCE,SUN,TARGET,0.00,POINTING_ERROR,12.54,SUN_ERROR,12.51,MAG_ERROR,-99.20,GYRO_Z,-0.535,RW_CMD,0
TM,EST_RAW,-12.51,EST_FILTERED,-12.51,EST_ANGLE,-12.54,EST_FILTER,ON,EST_FILTER_TYPE,MOVING_AVERAGE,EST_MA_WINDOW,1,EST_FILTER_STRENGTH,0.35
TM,EST_FUSION,ON,EST_GYRO_WEIGHT,0.98,EST_VALID,1
TM,TEAM_CR,303,1399815,0.0,1.6,1.6,-1.6,0.0,21.7,28.2,0.0,22,1
TM,TEAM_CR,304,1399855,0.0,1.5,1.6,-1.6,-0.1,21.9,28.1,0.0,22,1
TM,TEAM_CR,305,1399895,0.0,1.6,1.6,-1.6,0.6,20.3,28.1,0.0,20,1
TM,TEAM_CR,306,1399946,0.0,1.7,1.6,-1.6,-0.5,22.5,28.0,0.0,22,1
TM,TEAM_CR,307,1399986,0.0,1.6,1.6,-1.6,0.4,20.6,27.9,0.0,21,1
TM,TEAM_CR,308,1400035,0.0,1.8,1.6,-1.6,-0.4,22.1,27.9,0.0,22,1
TM,TEAM_CR,309,1400074,0.0,1.5,1.6,-1.6,-0.2,21.9,27.8,0.0,22,1
TM,TEAM_CR,310,1400114,0.0,1.3,1.6,-1.6,0.1,21.2,27.7,0.0,21,1
TM,TEAM_CR,311,1400154,0.0,1.5,1.6,-1.6,-0.3,22.0,27.7,0.0,22,1
TM,TEAM_CR,312,1400195,0.0,1.8,1.6,-1.6,0.8,19.6,27.6,0.0,20,1
TM,TEAM_CR,313,1400235,0.0,1.4,1.6,-1.6,-0.6,22.5,27.5,0.0,22,1
TM,TEAM_CR,314,1400275,0.0,1.7,1.6,-1.6,-0.1,21.2,27.5,0.0,21,1
TM,TEAM_CR,315,1400315,0.0,1.5,1.6,-1.6,0.5,20.0,27.4,0.0,20,1
TM,TEAM_CR,316,1400355,0.0,1.5,1.6,-1.6,-0.3,21.6,27.4,0.0,22,1
TM,TEAM_CR,317,1400395,0.0,1.5,1.6,-1.6,0.3,20.4,27.3,0.0,21,1
TM,TEAM_CR,318,1400447,0.0,1.5,1.6,-1.6,-0.5,2.1,27.2,-19.6,2,1
TM,TEAM_CR,319,1400487,0.0,1.5,1.5,-1.5,-1.6,4.8,27.2,-19.2,5,1
TM,SUN_L,3641,SUN_R,3717,SUN_NDV,-0.0103,SUN_ANGLE,-12.61
TM,MAG_X,-7.68,MAG_Y,47.65,MAG_Z,12.53,MAG_HEADING,99.16
TM,GYRO_X,-1.330,GYRO_Y,-1.925,GYRO_Z,0.253,BODY_RATE,-0.253
TM,TEAM_CR,320,1400527,0.0,1.8,1.5,-1.5,-2.5,7.2,27.1,-18.8,7,1
TM,TEAM_CR,321,1400567,0.0,1.5,1.3,-1.3,-3.7,10.5,27.1,-18.5,10,1
TM,TEAM_CR,322,1400615,0.0,1.3,1.2,-1.2,-3.3,10.7,27.0,-18.1,11,1
TM,TEAM_CR,323,1400654,0.0,1.1,1.0,-1.0,-5.2,15.6,27.0,-17.7,14,1
TM,TEAM_CR,324,1400695,0.0,0.8,0.8,-0.8,-4.2,14.5,26.9,-17.4,15,1
TM,TEAM_CR,325,1400735,0.0,0.8,0.6,-0.6,-5.5,18.3,26.9,-17.0,18,1
TM,ADCS_MODE,MANUAL,ADCS_REFERENCE,SUN,TARGET,0.00,POINTING_ERROR,12.62,SUN_ERROR,12.30,MAG_ERROR,-99.35,GYRO_Z,1.014,RW_CMD,0
TM,EST_RAW,-12.30,EST_FILTERED,-12.30,EST_ANGLE,-12.62,EST_FILTER,ON,EST_FILTER_TYPE,MOVING_AVERAGE,EST_MA_WINDOW,1,EST_FILTER_STRENGTH,0.35
TM,EST_FUSION,ON,EST_GYRO_WEIGHT,0.98,EST_VALID,1
TM,TEAM_CR,326,1400775,0.0,0.8,0.4,-0.4,-6.4,10.0,26.9,-16.7,10,1
TM,TEAM_CR,327,1400815,0.0,0.6,0.2,-0.2,-5.2,10.4,26.9,-16.4,10,1
TM,TEAM_CR,328,1400856,0.0,0.4,-0.1,0.1,-6.7,10.7,26.9,-16.1,11,1
TM,TEAM_CR,329,1400895,0.0,0.1,-0.3,0.3,-5.8,11.0,26.9,-15.7,11,1
TM,TEAM_CR,330,1400945,0.0,0.0,-0.6,0.6,-6.6,26.9,26.9,-15.4,13,1
TM,TEAM_CR,331,1400985,0.0,-0.2,-0.8,0.8,-7.8,30.7,26.9,-15.1,30,1
TM,TEAM_CR,332,1401034,0.0,-0.6,-1.1,1.1,-5.3,27.1,27.0,-14.8,28,1
TM,TEAM_CR,333,1401074,0.0,-0.7,-1.3,1.3,-5.1,27.7,27.0,-14.5,28,1
TM,TEAM_CR,334,1401114,0.0,-0.8,-1.4,1.4,-2.8,23.9,27.1,-14.2,25,1
TM,TEAM_CR,335,1401154,0.0,-0.9,-1.5,1.5,-1.7,22.3,27.2,-14.0,22,1
TM,TEAM_CR,336,1401196,0.0,-0.9,-1.5,1.5,-1.7,22.9,27.2,-13.7,23,1
TM,TEAM_CR,337,1401236,0.0,-1.2,-1.5,1.5,-0.9,21.7,27.3,-13.4,22,1
TM,SUN_L,3640,SUN_R,3714,SUN_NDV,-0.0101,SUN_ANGLE,-12.46
TM,MAG_X,-7.82,MAG_Y,47.52,MAG_Z,12.74,MAG_HEADING,99.35
TM,GYRO_X,-1.304,GYRO_Y,-2.074,GYRO_Z,0.541,BODY_RATE,-0.541
TM,TEAM_CR,338,1401276,0.0,-0.8,-1.6,1.6,-1.1,22.5,27.3,-13.1,22,1
TM,TEAM_CR,339,1401316,0.0,-1.0,-1.6,1.6,-0.9,22.5,27.4,-12.9,22,1
TM,TEAM_CR,340,1401356,0.0,-1.2,-1.6,1.6,-0.4,21.7,27.5,-12.6,22,1
TM,TEAM_CR,341,1401396,0.0,-1.1,-1.6,1.6,-1.2,23.8,27.5,-12.4,24,1
TM,TEAM_CR,342,1401447,0.0,-1.2,-1.6,1.6,-0.4,22.4,27.6,-12.1,22,1
TM,TEAM_CR,343,1401487,0.0,-1.0,-1.6,1.6,-1.2,24.5,27.7,-11.9,25,1
TM,TEAM_CR,344,1401527,0.0,-1.3,-1.6,1.6,-0.3,23.0,27.7,-11.7,23,1
TM,TEAM_CR,345,1401567,0.0,-1.1,-1.6,1.6,-0.1,22.9,27.8,-11.4,23,1
TM,TEAM_CR,346,1401614,0.0,-1.2,-1.6,1.6,-0.4,23.7,27.8,-11.2,24,1
TM,TEAM_CR,347,1401654,0.0,-1.2,-1.6,1.6,0.5,22.2,27.9,-11.0,22,1
TM,TEAM_CR,348,1401697,0.0,-1.5,-1.6,1.6,-0.3,23.9,28.0,-10.8,24,1
TM,ADCS_MODE,MANUAL,ADCS_REFERENCE,SUN,TARGET,0.00,POINTING_ERROR,12.54,SUN_ERROR,12.21,MAG_ERROR,-99.11,GYRO_Z,-0.412,RW_CMD,0
TM,EST_RAW,-12.21,EST_FILTERED,-12.21,EST_ANGLE,-12.54,EST_FILTER,ON,EST_FILTER_TYPE,MOVING_AVERAGE,EST_MA_WINDOW,1,EST_FILTER_STRENGTH,0.35
TM,EST_FUSION,ON,EST_GYRO_WEIGHT,0.98,EST_VALID,1
TM,TEAM_CR,349,1401737,0.0,-1.1,-1.6,1.6,0.1,23.4,28.0,-10.5,23,1
TM,TEAM_CR,350,1401777,0.0,-1.1,-1.5,1.5,0.3,23.1,28.1,-10.3,23,1
TM,TEAM_CR,351,1401818,0.0,-1.7,-1.5,1.5,-0.5,25.1,28.2,-10.1,25,1
TM,TEAM_CR,352,1401857,0.0,-1.3,-1.5,1.5,0.6,23.1,28.2,-9.9,23,1
TM,TEAM_CR,353,1401897,0.0,-1.2,-1.5,1.5,-0.2,24.9,28.3,-9.7,25,1
TM,TEAM_CR,354,1401947,0.0,-1.5,-1.5,1.5,0.2,24.2,28.3,-9.5,24,1
TM,TEAM_CR,355,1401987,0.0,-1.3,-1.5,1.5,0.0,24.9,28.4,-9.4,25,1
TM,SUN_L,3640,SUN_R,3716,SUN_NDV,-0.0103,SUN_ANGLE,-12.43
TM,MAG_X,-7.97,MAG_Y,47.46,MAG_Z,12.72,MAG_HEADING,99.53
TM,GYRO_X,-1.260,GYRO_Y,-1.864,GYRO_Z,0.611,BODY_RATE,-0.611
TM,TEAM_CR,356,1402036,0.0,-1.3,-1.5,1.5,-0.2,25.6,28.5,-9.2,26,1
TM,TEAM_CR,357,1402076,0.0,-1.1,-1.5,1.5,0.6,24.1,28.5,-9.0,24,1
TM,TEAM_CR,358,1402116,0.0,-1.1,-1.5,1.5,-0.3,26.1,28.6,-8.8,26,1
TM,TEAM_CR,359,1402156,0.0,-1.3,-1.4,1.4,0.2,25.2,28.6,-8.6,25,1
TM,TEAM_CR,360,1402197,0.0,-1.4,-1.4,1.4,0.4,25.0,28.7,-8.5,25,1
TM,TEAM_CR,361,1402237,0.0,-1.0,-1.4,1.4,0.0,26.1,28.7,-8.3,26,1
TM,TEAM_CR,362,1402276,0.0,-1.3,-1.4,1.4,0.6,25.0,28.8,-8.1,25,1
TM,TEAM_CR,363,1402316,0.0,-1.0,-1.4,1.4,-0.1,26.4,28.9,-8.0,26,1
TM,TEAM_CR,364,1402356,0.0,-1.3,-1.4,1.4,0.4,25.7,28.9,-7.8,26,1
TM,TEAM_CR,365,1402396,0.0,-1.3,-1.3,1.3,0.5,25.6,29.0,-7.7,26,1
TM,TEAM_CR,366,1402436,0.0,-0.8,-1.3,1.3,-0.3,27.5,29.0,-7.5,27,1
TM,TEAM_CR,367,1402476,0.0,-1.3,-1.3,1.3,0.6,25.7,29.1,-7.4,26,1
TM,TEAM_CR,368,1402516,0.0,-1.2,-1.3,1.3,0.2,26.7,29.1,-7.2,27,1
TM,TEAM_CR,369,1402556,0.0,-1.1,-1.3,1.3,-0.2,27.8,29.2,-7.1,28,1
TM,TEAM_CR,370,1402596,0.0,-1.2,-1.3,1.3,0.4,26.8,29.2,-6.9,27,1
TM,TEAM_CR,371,1402636,0.0,-0.9,-1.3,1.3,-0.1,28.0,29.3,-6.8,28,1
TM,ADCS_MODE,MANUAL,ADCS_REFERENCE,SUN,TARGET,0.00,POINTING_ERROR,12.52,SUN_ERROR,12.33,MAG_ERROR,-98.97,GYRO_Z,-0.762,RW_CMD,0
TM,EST_RAW,-12.33,EST_FILTERED,-12.33,EST_ANGLE,-12.52,EST_FILTER,ON,EST_FILTER_TYPE,MOVING_AVERAGE,EST_MA_WINDOW,1,EST_FILTER_STRENGTH,0.35
TM,EST_FUSION,ON,EST_GYRO_WEIGHT,0.98,EST_VALID,1
TM,TEAM_CR,372,1402681,0.0,-1.2,-1.3,1.3,0.8,26.0,29.3,-6.7,26,1
TM,TEAM_CR,373,1402722,0.0,-1.4,-1.3,1.3,-0.1,28.1,29.4,-6.5,28,1
TM,SUN_L,3642,SUN_R,3716,SUN_NDV,-0.0101,SUN_ANGLE,-12.23
TM,MAG_X,-7.52,MAG_Y,47.62,MAG_Z,12.38,MAG_HEADING,98.97
TM,GYRO_X,-1.444,GYRO_Y,-1.829,GYRO_Z,-0.202,BODY_RATE,0.202
TM,TEAM_CR,374,1402761,0.0,-1.4,-1.2,1.2,0.5,26.9,29.4,-6.4,27,1
TM,TEAM_CR,375,1402801,0.0,-1.5,-1.2,1.2,0.8,26.4,29.5,-6.3,26,1
TM,TEAM_CR,376,1402841,0.0,-1.1,-1.2,1.2,-0.2,28.6,29.5,-6.1,29,1
TM,TEAM_CR,377,1402881,0.0,-1.1,-1.2,1.2,0.9,26.5,29.6,-6.0,27,1
TM,TEAM_CR,378,1402932,0.0,-1.2,-1.2,1.2,0.1,28.2,29.6,-5.9,28,1
TM,TEAM_CR,379,1402972,0.0,-1.2,-1.2,1.2,0.8,26.9,29.7,-5.8,27,1
TM,TEAM_CR,380,1403019,0.0,-1.2,-1.1,1.1,0.0,28.5,29.7,-5.7,29,1
TM,TEAM_CR,381,1403059,0.0,-1.1,-1.1,1.1,0.2,28.2,29.8,-5.6,28,1
TM,TEAM_CR,382,1403100,0.0,-1.3,-1.1,1.1,0.6,27.6,29.8,-5.5,28,1
TM,TEAM_CR,383,1403139,0.0,-1.2,-1.1,1.1,-0.3,29.4,29.9,-5.3,29,1
TM,TEAM_CR,384,1403181,0.0,-1.0,-1.1,1.1,0.5,28.1,29.9,-5.2,28,1
TM,TEAM_CR,385,1403222,0.0,-0.8,-1.1,1.1,-0.1,29.4,29.9,-5.1,29,1
TM,TEAM_CR,386,1403261,0.0,-1.1,-1.1,1.1,0.3,28.6,30.0,-5.0,29,1
TM,TEAM_CR,387,1403301,0.0,-1.0,-1.1,1.1,0.4,28.5,30.0,-4.9,28,1
TM,TEAM_CR,388,1403341,0.0,-1.1,-1.1,1.1,0.2,29.1,30.1,-4.8,29,1
TM,TEAM_CR,389,1403381,0.0,-0.9,-1.0,1.0,0.6,28.3,30.1,-4.7,28,1
TM,TEAM_CR,390,1403431,0.0,-1.1,-1.0,1.0,-0.4,30.5,30.2,-4.6,30,1
TM,TEAM_CR,391,1403471,0.0,-0.4,-1.0,1.0,0.8,28.1,30.2,-4.6,29,1
TM,TEAM_CR,392,1403511,0.0,-1.0,-1.0,1.0,0.3,29.2,30.2,-4.5,29,1
TM,SUN_L,3640,SUN_R,3719,SUN_NDV,-0.0107,SUN_ANGLE,-12.28
TM,MAG_X,-7.65,MAG_Y,47.55,MAG_Z,12.61,MAG_HEADING,99.14
TM,GYRO_X,-1.540,GYRO_Y,-2.310,GYRO_Z,0.673,BODY_RATE,-0.673
TM,TEAM_CR,393,1403551,0.0,-1.0,-1.0,1.0,0.0,29.8,30.3,-4.4,30,1
TM,ADCS_MODE,MANUAL,ADCS_REFERENCE,SUN,TARGET,0.00,POINTING_ERROR,12.46,SUN_ERROR,12.36,MAG_ERROR,-99.14,GYRO_Z,1.198,RW_CMD,0
TM,EST_RAW,-12.36,EST_FILTERED,-12.36,EST_ANGLE,-12.46,EST_FILTER,ON,EST_FILTER_TYPE,MOVING_AVERAGE,EST_MA_WINDOW,1,EST_FILTER_STRENGTH,0.35
TM,EST_FUSION,ON,EST_GYRO_WEIGHT,0.98,EST_VALID,1
TM,TEAM_CR,394,1403591,0.0,-0.9,-1.0,1.0,0.8,28.4,30.3,-4.3,28,1
TM,TEAM_CR,395,1403640,0.0,-1.2,-1.0,1.0,0.3,29.4,30.4,-4.2,29,1
TM,TEAM_CR,396,1403681,0.0,-0.8,-0.9,0.9,1.0,28.1,30.4,-4.1,29,1
TM,TEAM_CR,397,1403721,0.0,-0.7,-0.9,0.9,-0.2,30.5,30.4,-4.0,31,1
TM,TEAM_CR,398,1403761,0.0,-1.1,-0.9,0.9,0.2,29.9,30.5,-4.0,30,1
TM,TEAM_CR,399,1403801,0.0,-1.3,-0.9,0.9,0.2,29.8,30.5,-3.9,30,1
TM,TEAM_CR,400,1403841,0.0,-0.7,-0.9,0.9,0.6,29.0,30.5,-3.8,29,1
TM,TEAM_CR,401,1403881,0.0,-0.7,-0.9,0.9,0.7,28.8,30.6,-3.7,29,1
TM,TEAM_CR,402,1403932,0.0,-0.8,-0.9,0.9,-0.4,31.2,30.6,-3.7,31,1
TM,TEAM_CR,403,1403972,0.0,-0.8,-0.8,0.8,1.1,28.2,30.6,-3.6,29,1
TM,TEAM_CR,404,1404020,0.0,-0.7,-0.8,0.8,0.1,30.1,30.7,-3.5,29,1
TM,TEAM_CR,405,1404064,0.0,-1.0,-0.8,0.8,0.3,27.2,30.7,-3.4,28,3
TM,TEAM_CR,406,1404100,0.0,-0.8,-0.8,0.8,0.2,27.3,30.7,-3.4,27,3
TM,TEAM_CR,407,1404140,0.0,-0.6,-0.8,0.8,-0.2,27.4,30.7,-3.3,27,3
TM,TEAM_CR,408,1404182,0.0,-1.3,-0.8,0.8,-0.5,27.4,30.7,-3.2,27,3
TM,TEAM_CR,409,1404222,0.0,-0.8,-0.9,0.9,-0.8,27.5,30.7,-3.2,27,3
TM,TEAM_CR,410,1404262,0.0,-0.6,-0.9,0.9,-0.3,27.6,30.7,-3.1,28,3
TM,SUN_L,3640,SUN_R,3717,SUN_NDV,-0.0105,SUN_ANGLE,-12.48
TM,MAG_X,-7.71,MAG_Y,47.41,MAG_Z,12.54,MAG_HEADING,99.24
TM,GYRO_X,-1.260,GYRO_Y,-2.013,GYRO_Z,-0.509,BODY_RATE,0.509
TM,TEAM_CR,411,1404302,0.0,-0.8,-0.9,0.9,-1.1,27.6,30.7,-3.1,28,3
TM,TEAM_CR,412,1404342,0.0,-0.9,-0.9,0.9,-0.3,27.7,30.7,-3.0,28,3
TM,TEAM_CR,413,1404382,0.0,-1.1,-0.9,0.9,0.0,27.7,30.7,-2.9,28,3
TM,TEAM_CR,414,1404433,0.0,-0.9,-0.9,0.9,0.1,27.8,30.7,-2.9,28,3
TM,TEAM_CR,415,1404473,0.0,-0.9,-0.9,0.9,0.2,27.9,30.7,-2.8,28,3
TM,TEAM_CR,416,1404513,0.0,-1.1,-0.9,0.9,-0.7,27.9,30.7,-2.8,28,3
TM,ADCS_MODE,MANUAL,ADCS_REFERENCE,SUN,TARGET,0.00,POINTING_ERROR,12.44,SUN_ERROR,12.39,MAG_ERROR,-99.24,GYRO_Z,0.970,RW_CMD,0
TM,EST_RAW,-12.39,EST_FILTERED,-12.39,EST_ANGLE,-12.44,EST_FILTER,ON,EST_FILTER_TYPE,MOVING_AVERAGE,EST_MA_WINDOW,1,EST_FILTER_STRENGTH,0.35
TM,EST_FUSION,ON,EST_GYRO_WEIGHT,0.98,EST_VALID,1
TM,TEAM_CR,417,1404553,0.0,-0.8,-0.9,0.9,0.6,28.0,30.7,-2.7,28,3
TM,TEAM_CR,418,1404593,0.0,-1.7,-1.0,1.0,-2.8,28.0,30.7,-2.7,28,3
TM,TEAM_CR,419,1404640,0.0,-1.0,-1.0,1.0,0.0,28.1,30.7,-2.6,29,3
TM,TEAM_CR,420,1404682,0.0,-1.2,-1.0,1.0,-0.8,30.9,30.7,-2.5,30,3
TM,TEAM_CR,421,1404721,0.0,-0.9,-1.0,1.0,0.1,30.2,30.7,-2.5,30,3
TM,TEAM_CR,422,1404761,0.0,-1.4,-1.0,1.0,0.8,28.3,30.7,-2.4,29,3
TM,TEAM_CR,423,1404801,0.0,-0.9,-1.0,1.0,0.6,28.3,30.7,-2.4,28,3
TM,TEAM_CR,424,1404841,0.0,-0.9,-0.9,0.9,0.9,28.4,30.7,-2.4,28,3
TM,TEAM_CR,425,1404881,0.0,-0.5,-0.9,0.9,-0.7,28.4,30.7,-2.3,28,3
TM,TEAM_CR,426,1404932,0.0,-1.0,-0.9,0.9,0.4,28.5,30.7,-2.3,28,3
TM,TEAM_CR,427,1404971,0.0,-1.0,-0.9,0.9,-0.6,28.5,30.7,-2.2,29,3
TM,TEAM_CR,428,1405020,0.0,-0.7,-0.9,0.9,0.3,28.6,30.7,-2.2,29,3
TM,SUN_L,3640,SUN_R,3717,SUN_NDV,-0.0105,SUN_ANGLE,-12.51
TM,MAG_X,-7.73,MAG_Y,47.58,MAG_Z,12.72,MAG_HEADING,99.22
TM,GYRO_X,-0.892,GYRO_Y,-2.126,GYRO_Z,-1.314,BODY_RATE,1.314
TM,TEAM_CR,429,1405060,0.0,-0.9,-0.9,0.9,0.2,28.6,30.7,-2.1,29,3
TM,TEAM_CR,430,1405100,0.0,-0.8,-0.9,0.9,0.0,28.6,30.7,-2.1,29,3
TM,TEAM_CR,431,1405140,0.0,-1.0,-0.9,0.9,0.3,28.7,30.7,-2.0,29,3
TM,TEAM_CR,432,1405182,0.0,-1.1,-0.9,0.9,-0.1,28.7,30.7,-2.0,29,3
TM,TEAM_CR,433,1405222,0.0,-1.0,-0.9,0.9,1.1,28.8,30.7,-2.0,29,3
TM,TEAM_CR,434,1405262,0.0,-1.1,-0.9,0.9,-0.4,28.8,30.7,-1.9,29,3
TM,TEAM_CR,435,1405303,0.0,-0.4,-0.9,0.9,0.2,28.8,30.7,-1.9,29,3
TM,TEAM_CR,436,1405342,0.0,-1.1,-0.9,0.9,-0.1,28.9,30.7,-1.9,29,3
TM,TEAM_CR,437,1405382,0.0,-1.2,-0.9,0.9,0.1,28.9,30.7,-1.8,29,3
TM,TEAM_CR,438,1405432,0.0,-1.1,-0.9,0.9,0.0,29.0,30.7,-1.8,29,3
TM,TEAM_CR,439,1405472,0.0,-1.0,-0.9,0.9,0.1,29.0,30.7,-1.7,29,3
TM,ADCS_MODE,MANUAL,ADCS_REFERENCE,SUN,TARGET,0.00,POINTING_ERROR,12.46,SUN_ERROR,12.07,MAG_ERROR,-99.10,GYRO_Z,1.836,RW_CMD,0
TM,EST_RAW,-12.07,EST_FILTERED,-12.07,EST_ANGLE,-12.46,EST_FILTER,ON,EST_FILTER_TYPE,MOVING_AVERAGE,EST_MA_WINDOW,1,EST_FILTER_STRENGTH,0.35
TM,EST_FUSION,ON,EST_GYRO_WEIGHT,0.98,EST_VALID,1
TM,TEAM_CR,440,1405513,0.0,-1.0,-0.9,0.9,0.4,29.0,30.7,-1.7,29,3
TM,TEAM_CR,441,1405552,0.0,-0.8,-0.9,0.9,-0.3,29.1,30.7,-1.7,29,3
TM,TEAM_CR,442,1405592,0.0,-1.1,-0.9,0.9,0.7,29.1,30.7,-1.6,29,3
TM,TEAM_CR,443,1405640,0.0,-0.8,-0.9,0.9,-0.6,29.1,30.7,-1.6,29,3
TM,TEAM_CR,444,1405681,0.0,-0.9,-0.9,0.9,0.4,29.2,30.7,-1.6,29,3
TM,TEAM_CR,445,1405722,0.0,-0.9,-0.9,0.9,0.1,29.2,30.7,-1.5,29,3
TM,TEAM_CR,446,1405761,0.0,-0.7,-0.9,0.9,0.0,29.2,30.7,-1.5,29,3
TM,SUN_L,3640,SUN_R,3718,SUN_NDV,-0.0106,SUN_ANGLE,-12.49
TM,MAG_X,-7.60,MAG_Y,47.46,MAG_Z,12.43,MAG_HEADING,99.10
TM,GYRO_X,-0.919,GYRO_Y,-2.205,GYRO_Z,-1.331,BODY_RATE,1.331
TM,TEAM_CR,447,1405801,0.0,-0.9,-0.9,0.9,0.2,29.2,30.7,-1.5,29,3
TM,TEAM_CR,448,1405841,0.0,-1.1,-0.9,0.9,0.4,29.3,30.7,-1.5,29,3
TM,TEAM_CR,449,1405881,0.0,-0.8,-0.8,0.8,1.1,29.3,30.7,-1.4,29,3
TM,TEAM_CR,450,1405932,0.0,-0.8,-0.8,0.8,0.2,29.3,30.7,-1.4,29,3
TM,TEAM_CR,451,1405971,0.0,-1.4,-0.8,0.8,0.5,29.4,30.7,-1.4,29,3
TM,TEAM_CR,452,1406019,0.0,-0.8,-0.8,0.8,0.0,29.4,30.7,-1.3,29,3
TM,TEAM_CR,453,1406059,0.0,-0.8,-0.8,0.8,0.8,29.4,30.7,-1.3,29,3
TM,TEAM_CR,454,1406100,0.0,-0.8,-0.8,0.8,-0.7,29.4,30.7,-1.3,29,3
TM,TEAM_CR,455,1406139,0.0,-0.9,-0.8,0.8,0.1,29.5,30.7,-1.3,29,3
TM,TEAM_CR,456,1406181,0.0,-1.1,-0.8,0.8,-0.6,29.5,30.7,-1.2,29,3
TM,TEAM_CR,457,1406222,0.0,-1.1,-0.8,0.8,0.3,29.5,30.7,-1.2,30,3
TM,TEAM_CR,458,1406261,0.0,-1.2,-0.9,0.9,0.0,29.5,30.7,-1.2,30,3
TM,TEAM_CR,459,1406301,0.0,-0.9,-0.9,0.9,0.4,29.6,30.7,-1.2,30,3
TM,TEAM_CR,460,1406341,0.0,-0.8,-0.8,0.8,0.8,29.6,30.7,-1.1,30,3
TM,TEAM_CR,461,1406381,0.0,-0.8,-0.8,0.8,-0.7,29.6,30.7,-1.1,30,3
TM,TEAM_CR,462,1406431,0.0,-0.9,-0.8,0.8,0.6,29.6,30.7,-1.1,30,3
TM,ADCS_MODE,MANUAL,ADCS_REFERENCE,SUN,TARGET,0.00,POINTING_ERROR,12.43,SUN_ERROR,12.54,MAG_ERROR,-99.21,GYRO_Z,1.276,RW_CMD,0
TM,EST_RAW,-12.54,EST_FILTERED,-12.54,EST_ANGLE,-12.43,EST_FILTER,ON,EST_FILTER_TYPE,MOVING_AVERAGE,EST_MA_WINDOW,1,EST_FILTER_STRENGTH,0.35
TM,EST_FUSION,ON,EST_GYRO_WEIGHT,0.98,EST_VALID,1
TM,TEAM_CR,463,1406471,0.0,-1.0,-0.9,0.9,-0.6,29.7,30.7,-1.1,30,3
TM,TEAM_CR,464,1406511,0.0,-0.9,-0.8,0.8,1.1,29.7,30.7,-1.1,30,3
TM,SUN_L,3642,SUN_R,3720,SUN_NDV,-0.0106,SUN_ANGLE,-12.73
TM,MAG_X,-7.70,MAG_Y,47.49,MAG_Z,12.74,MAG_HEADING,99.21
TM,GYRO_X,-1.654,GYRO_Y,-2.293,GYRO_Z,1.355,BODY_RATE,-1.355
TM,TEAM_CR,465,1406551,0.0,-0.7,-0.8,0.8,-0.4,29.7,30.7,-1.0,30,3
TM,TEAM_CR,466,1406591,0.0,-0.7,-0.8,0.8,0.2,29.7,30.7,-1.0,30,3
TM,TEAM_CR,467,1406640,0.0,-1.1,-0.8,0.8,-0.2,29.7,30.7,-1.0,30,3
TM,TEAM_CR,468,1406681,0.0,-1.0,-0.8,0.8,0.4,29.8,30.7,-1.0,30,3
TM,TEAM_CR,469,1406721,0.0,-1.1,-0.8,0.8,-0.3,29.8,30.7,-1.0,30,3
TM,TEAM_CR,470,1406761,0.0,-1.1,-0.8,0.8,0.5,29.8,30.7,-0.9,30,3
TM,TEAM_CR,471,1406801,0.0,-1.0,-0.8,0.8,0.2,29.8,30.7,-0.9,30,3
TM,TEAM_CR,472,1406841,0.0,-0.7,-0.8,0.8,-0.4,29.8,30.7,-0.9,30,3
TM,TEAM_CR,473,1406881,0.0,-1.0,-0.8,0.8,0.5,29.9,30.7,-0.9,30,3
TM,TEAM_CR,474,1406932,0.0,-0.8,-0.8,0.8,0.4,29.9,30.7,-0.9,30,3
TM,TEAM_CR,475,1406972,0.0,-0.7,-0.8,0.8,0.7,29.9,30.7,-0.8,30,3
TM,TEAM_CR,476,1407020,0.0,-0.7,-0.8,0.8,0.2,29.9,30.7,-0.8,30,3
TM,TEAM_CR,477,1407060,0.0,-0.7,-0.7,0.7,0.8,29.9,30.7,-0.8,30,3
TM,TEAM_CR,478,1407100,0.0,-0.9,-0.8,0.8,-0.8,29.9,30.7,-0.8,30,3
TM,TEAM_CR,479,1407140,0.0,-0.8,-0.7,0.7,0.8,30.0,30.7,-0.8,30,3
TM,TEAM_CR,480,1407181,0.0,-0.9,-0.7,0.7,-0.4,30.0,30.7,-0.8,30,3
TM,TEAM_CR,481,1407221,0.0,-0.7,-0.7,0.7,0.5,30.0,30.7,-0.8,30,3
TM,TEAM_CR,482,1407261,0.0,-0.8,-0.7,0.7,-0.1,30.0,30.7,-0.7,30,3
TM,TEAM_CR,483,1407301,0.0,-0.8,-0.7,0.7,0.6,30.0,30.7,-0.7,30,3
TM,SUN_L,3643,SUN_R,3721,SUN_NDV,-0.0106,SUN_ANGLE,-12.74
TM,MAG_X,-7.65,MAG_Y,47.55,MAG_Z,12.75,MAG_HEADING,99.14
TM,GYRO_X,-1.225,GYRO_Y,-1.986,GYRO_Z,0.436,BODY_RATE,-0.436
TM,TEAM_CR,484,1407341,0.0,-1.1,-0.7,0.7,0.5,30.0,30.7,-0.7,30,3
TM,ADCS_MODE,MANUAL,ADCS_REFERENCE,SUN,TARGET,0.00,POINTING_ERROR,12.43,SUN_ERROR,12.75,MAG_ERROR,-99.14,GYRO_Z,0.611,RW_CMD,0
TM,EST_RAW,-12.75,EST_FILTERED,-12.75,EST_ANGLE,-12.43,EST_FILTER,ON,EST_FILTER_TYPE,MOVING_AVERAGE,EST_MA_WINDOW,1,EST_FILTER_STRENGTH,0.35
TM,EST_FUSION,ON,EST_GYRO_WEIGHT,0.98,EST_VALID,1
TM,TEAM_CR,485,1407381,0.0,-0.7,-0.7,0.7,0.9,30.0,30.7,-0.7,30,3
TM,TEAM_CR,486,1407433,0.0,-1.0,-0.7,0.7,0.4,30.1,30.7,-0.7,30,3
TM,TEAM_CR,487,1407473,0.0,-0.3,-0.6,0.6,0.3,30.1,30.7,-0.7,30,3
TM,TEAM_CR,488,1407513,0.0,-0.9,-0.6,0.6,0.6,30.1,30.7,-0.7,30,3
TM,TEAM_CR,489,1407553,0.0,-0.6,-0.7,0.7,-0.5,30.1,30.7,-0.6,30,3
TM,TEAM_CR,490,1407593,0.0,-0.9,-0.6,0.6,0.9,30.1,30.7,-0.6,30,3
TM,TEAM_CR,491,1407640,0.0,-0.7,-0.7,0.7,-0.4,30.1,30.7,-0.6,30,3
TM,TEAM_CR,492,1407681,0.0,-0.6,-0.6,0.6,0.9,30.1,30.7,-0.6,30,3
TM,TEAM_CR,493,1407721,0.0,-1.3,-0.6,0.6,-0.1,30.1,30.7,-0.6,30,3
TM,TEAM_CR,494,1407761,0.0,-0.6,-0.6,0.6,0.6,30.2,30.7,-0.6,30,3
TM,TEAM_CR,495,1407801,0.0,-0.8,-0.6,0.6,0.0,30.2,30.7,-0.6,30,3
TM,TEAM_CR,496,1407841,0.0,-0.5,-0.6,0.6,0.7,30.2,30.7,-0.6,30,3
TM,TEAM_CR,497,1407881,0.0,-0.6,-0.5,0.5,0.6,30.2,30.7,-0.5,30,3
TM,TEAM_CR,498,1407931,0.0,-0.4,-0.5,0.5,1.1,30.2,30.7,-0.5,30,3
TM,TEAM_CR,499,1407971,0.0,-0.8,-0.5,0.5,0.5,30.2,30.7,-0.5,30,3
TM,TEAM_CR,500,1408020,0.0,-0.4,-0.4,0.4,1.0,30.2,30.7,-0.5,30,3
TM,TEAM_CR,501,1408060,0.0,-0.6,-0.4,0.4,0.5,30.2,30.7,-0.5,30,3
TM,SUN_L,3644,SUN_R,3721,SUN_NDV,-0.0105,SUN_ANGLE,-12.42
TM,MAG_X,-7.63,MAG_Y,47.49,MAG_Z,12.67,MAG_HEADING,99.13
TM,GYRO_X,-1.199,GYRO_Y,-2.389,GYRO_Z,-0.902,BODY_RATE,0.902
TM,TEAM_CR,502,1408100,0.0,-0.4,-0.4,0.4,1.1,30.2,30.7,-0.5,30,3
TM,TEAM_CR,503,1408140,0.0,-0.5,-0.3,0.3,0.9,30.3,30.7,-0.5,30,3
TM,TEAM_CR,504,1408182,0.0,-0.4,-0.3,0.3,1.0,30.3,30.7,-0.5,30,3
TM,TEAM_CR,505,1408221,0.0,-0.4,-0.3,0.3,0.5,30.3,30.7,-0.5,30,3
TM,TEAM_CR,506,1408261,0.0,-0.6,-0.3,0.3,0.1,30.3,30.7,-0.5,30,3
TM,TEAM_CR,507,1408301,0.0,-0.4,-0.3,0.3,0.4,30.3,30.7,-0.4,30,3
TM,ADCS_MODE,MANUAL,ADCS_REFERENCE,SUN,TARGET,0.00,POINTING_ERROR,12.51,SUN_ERROR,12.54,MAG_ERROR,-99.13,GYRO_Z,0.874,RW_CMD,0
TM,EST_RAW,-12.54,EST_FILTERED,-12.54,EST_ANGLE,-12.51,EST_FILTER,ON,EST_FILTER_TYPE,MOVING_AVERAGE,EST_MA_WINDOW,1,EST_FILTER_STRENGTH,0.35
TM,EST_FUSION,ON,EST_GYRO_WEIGHT,0.98,EST_VALID,1
TM,TEAM_CR,508,1408341,0.0,-0.4,-0.3,0.3,-0.5,30.3,30.7,-0.4,30,3
TM,TEAM_CR,509,1408381,0.0,-0.5,-0.3,0.3,0.7,30.3,30.7,-0.4,30,3
TM,TEAM_CR,510,1408431,0.0,-0.2,-0.3,0.3,-0.4,30.3,30.7,-0.4,30,3
TM,TEAM_CR,511,1408471,0.0,-0.6,-0.3,0.3,0.0,30.3,30.7,-0.4,30,3
TM,TEAM_CR,512,1408511,0.0,-0.2,-0.3,0.3,-0.4,30.3,30.7,-0.4,30,3
TM,TEAM_CR,513,1408551,0.0,-0.2,-0.3,0.3,0.8,30.3,30.7,-0.4,30,3
TM,TEAM_CR,514,1408591,0.0,-0.3,-0.3,0.3,-0.4,30.4,30.7,-0.4,30,3
TM,TEAM_CR,515,1408640,0.0,-0.3,-0.3,0.3,0.1,30.4,30.7,-0.4,30,3
TM,TEAM_CR,516,1408682,0.0,-0.4,-0.3,0.3,-0.1,30.4,30.7,-0.4,30,3
TM,TEAM_CR,517,1408722,0.0,-1.0,-0.3,0.3,0.1,30.4,30.7,-0.4,30,3
TM,TEAM_CR,518,1408762,0.0,-0.5,-0.3,0.3,-0.3,30.4,30.7,-0.4,30,3
TM,TEAM_CR,519,1408802,0.0,-0.5,-0.3,0.3,0.1,30.4,30.7,-0.4,30,3
TM,SUN_L,3643,SUN_R,3720,SUN_NDV,-0.0105,SUN_ANGLE,-12.83
TM,MAG_X,-7.86,MAG_Y,47.50,MAG_Z,12.56,MAG_HEADING,99.39
TM,GYRO_X,-0.858,GYRO_Y,-2.406,GYRO_Z,-0.062,BODY_RATE,0.062
TM,TEAM_CR,520,1408843,0.0,-0.3,-0.3,0.3,-0.4,30.4,30.7,-0.3,30,3
TM,TEAM_CR,521,1408882,0.0,-0.3,-0.3,0.3,0.4,30.4,30.7,-0.3,30,3
TM,TEAM_CR,522,1408932,0.0,-0.7,-0.4,0.4,-0.6,30.4,30.7,-0.3,30,3
TM,TEAM_CR,523,1408972,0.0,-0.6,-0.4,0.4,0.5,30.4,30.7,-0.3,30,3
TM,TEAM_CR,524,1409020,0.0,-0.5,-0.4,0.4,-0.7,30.4,30.7,-0.3,30,3
TM,TEAM_CR,525,1409060,0.0,-0.4,-0.4,0.4,0.6,30.4,30.7,-0.3,30,3
TM,TEAM_CR,526,1409100,0.0,-0.5,-0.4,0.4,0.1,30.4,30.7,-0.3,30,3
TM,TEAM_CR,527,1409140,0.0,-0.2,-0.3,0.3,0.9,30.4,30.7,-0.3,30,3
TM,TEAM_CR,528,1409182,0.0,-0.2,-0.3,0.3,-0.5,30.4,30.7,-0.3,30,3
TM,TEAM_CR,529,1409222,0.0,0.0,-0.3,0.3,0.8,30.5,30.7,-0.3,30,3
TM,TEAM_CR,530,1409263,0.0,-0.2,-0.3,0.3,0.0,30.5,30.7,-0.3,30,3
TM,ADCS_MODE,MANUAL,ADCS_REFERENCE,SUN,TARGET,0.00,POINTING_ERROR,12.57,SUN_ERROR,12.62,MAG_ERROR,-99.14,GYRO_Z,-0.456,RW_CMD,0
TM,EST_RAW,-12.62,EST_FILTERED,-12.62,EST_ANGLE,-12.57,EST_FILTER,ON,EST_FILTER_TYPE,MOVING_AVERAGE,EST_MA_WINDOW,1,EST_FILTER_STRENGTH,0.35
TM,EST_FUSION,ON,EST_GYRO_WEIGHT,0.98,EST_VALID,1
TM,TEAM_CR,531,1409302,0.0,-0.4,-0.3,0.3,1.0,30.5,30.7,-0.3,30,3
TM,TEAM_CR,532,1409342,0.0,-0.3,-0.3,0.3,0.2,30.5,30.7,-0.3,30,3
TM,TEAM_CR,533,1409382,0.0,-0.4,-0.2,0.2,1.1,30.5,30.7,-0.3,30,3
TM,TEAM_CR,534,1409432,0.0,-0.2,-0.2,0.2,0.6,30.5,30.7,-0.3,30,3
TM,TEAM_CR,535,1409473,0.0,0.1,-0.2,0.2,0.8,30.5,30.7,-0.3,30,3
TM,TEAM_CR,536,1409513,0.0,-0.3,-0.2,0.2,0.0,30.5,30.7,-0.3,30,3
TM,TEAM_CR,537,1409552,0.0,-0.3,-0.1,0.1,0.9,30.5,30.7,-0.2,30,3
TM,SUN_L,3643,SUN_R,3721,SUN_NDV,-0.0106,SUN_ANGLE,-12.77
TM,MAG_X,-7.71,MAG_Y,47.62,MAG_Z,12.75,MAG_HEADING,99.20
TM,GYRO_X,-1.102,GYRO_Y,-2.257,GYRO_Z,-0.649,BODY_RATE,0.649
TM,TEAM_CR,538,1409592,0.0,-0.4,-0.1,0.1,0.3,30.5,30.7,-0.2,31,3
TM,TEAM_CR,539,1409639,0.0,0.0,-0.1,0.1,0.6,30.5,30.7,-0.2,31,3
TM,TEAM_CR,540,1409683,0.0,-0.3,-0.1,0.1,0.1,30.5,30.7,-0.2,31,3
TM,TEAM_CR,541,1409722,0.0,0.0,-0.1,0.1,0.9,30.5,30.7,-0.2,31,3
TM,TEAM_CR,542,1409762,0.0,-0.2,-0.1,0.1,-0.1,30.5,30.7,-0.2,31,3
TM,TEAM_CR,543,1409802,0.0,-0.1,-0.1,0.1,0.0,30.5,30.7,-0.2,31,3
TM,TEAM_CR,544,1409842,0.0,-0.2,-0.1,0.1,-0.1,30.5,30.7,-0.2,31,3
TM,TEAM_CR,545,1409882,0.0,0.6,-0.1,0.1,0.6,30.5,30.7,-0.2,31,3
TM,TEAM_CR,546,1409932,0.0,-0.2,-0.1,0.1,0.0,30.5,30.7,-0.2,31,3
TM,TEAM_CR,547,1409973,0.0,-0.7,-0.1,0.1,0.4,30.5,30.7,-0.2,31,3
TM,TEAM_CR,548,1410020,0.0,-0.2,-0.1,0.1,-0.6,30.5,30.7,-0.2,31,3
TM,TEAM_CR,549,1410060,0.0,0.0,-0.1,0.1,0.8,30.6,30.7,-0.2,31,3
TM,TEAM_CR,550,1410101,0.0,0.0,-0.1,0.1,-0.2,30.6,30.7,-0.2,31,3
TM,TEAM_CR,551,1410140,0.0,0.0,0.0,0.0,1.0,30.6,30.7,-0.2,31,3
TM,TEAM_CR,552,1410182,0.0,0.3,0.0,0.0,-0.1,30.6,30.7,-0.2,31,3
TM,TEAM_CR,553,1410223,0.0,0.0,0.0,0.0,1.7,30.6,30.7,-0.2,31,3
TM,ADCS_MODE,MANUAL,ADCS_REFERENCE,SUN,TARGET,0.00,POINTING_ERROR,12.54,SUN_ERROR,12.39,MAG_ERROR,-99.09,GYRO_Z,0.025,RW_CMD,0
TM,EST_RAW,-12.39,EST_FILTERED,-12.39,EST_ANGLE,-12.54,EST_FILTER,ON,EST_FILTER_TYPE,MOVING_AVERAGE,EST_MA_WINDOW,1,EST_FILTER_STRENGTH,0.35
TM,EST_FUSION,ON,EST_GYRO_WEIGHT,0.98,EST_VALID,1
TM,TEAM_CR,554,1410262,0.0,0.2,0.1,-0.1,0.8,30.6,30.7,-0.2,31,3
TM,TEAM_CR,555,1410302,0.0,0.0,0.1,-0.1,1.4,30.6,30.7,-0.2,31,3
TM,SUN_L,3643,SUN_R,3719,SUN_NDV,-0.0103,SUN_ANGLE,-12.65
TM,MAG_X,-7.62,MAG_Y,47.58,MAG_Z,12.34,MAG_HEADING,99.09
TM,GYRO_X,-1.356,GYRO_Y,-2.004,GYRO_Z,0.436,BODY_RATE,-0.436
TM,TEAM_CR,556,1410342,0.0,0.1,0.2,-0.2,0.7,30.6,30.7,-0.2,31,3
TM,TEAM_CR,557,1410382,0.0,0.1,0.2,-0.2,1.5,30.6,30.7,-0.2,31,3
TM,TEAM_CR,558,1410431,0.0,0.0,0.2,-0.2,0.4,30.6,30.7,-0.2,31,3
TM,TEAM_CR,559,1410471,0.0,0.1,0.3,-0.3,1.6,30.6,30.7,-0.2,31,3
TM,TEAM_CR,560,1410511,0.0,0.2,0.3,-0.3,0.9,30.6,30.7,-0.2,31,3
TM,TEAM_CR,561,1410551,0.0,0.1,0.4,-0.4,1.8,30.6,30.7,-0.2,31,3
TM,TEAM_CR,562,1410591,0.0,0.2,0.4,-0.4,0.3,30.6,30.7,-0.1,31,3
TM,TEAM_CR,563,1410640,0.0,0.5,0.4,-0.4,1.4,30.6,30.7,-0.1,31,3
TM,TEAM_CR,564,1410682,0.0,0.3,0.5,-0.5,0.0,30.6,30.7,-0.1,31,3
TM,TEAM_CR,565,1410721,0.0,0.5,0.5,-0.5,0.8,30.6,30.7,-0.1,31,3
TM,TEAM_CR,566,1410761,0.0,0.2,0.5,-0.5,-0.3,30.6,30.7,-0.1,31,3
TM,TEAM_CR,567,1410801,0.0,0.5,0.5,-0.5,0.7,30.6,30.7,-0.1,31,3
TM,TEAM_CR,568,1410841,0.0,0.5,0.5,-0.5,-0.3,30.6,30.7,-0.1,31,3
TM,TEAM_CR,569,1410881,0.0,0.5,0.5,-0.5,0.5,30.6,30.7,-0.1,31,3
TM,TEAM_CR,570,1410932,0.0,0.4,0.5,-0.5,-0.5,30.6,30.7,-0.1,31,3
TM,TEAM_CR,571,1410972,0.0,0.5,0.5,-0.5,0.7,30.6,30.7,-0.1,31,3
TM,TEAM_CR,572,1411020,0.0,0.6,0.5,-0.5,0.4,30.6,30.7,-0.1,31,3
TM,TEAM_CR,573,1411061,0.0,0.8,0.6,-0.6,1.1,30.6,30.7,-0.1,31,3
TM,TEAM_CR,574,1411100,0.0,0.3,0.6,-0.6,-0.4,30.6,30.7,-0.1,31,3
TM,SUN_L,3645,SUN_R,3720,SUN_NDV,-0.0102,SUN_ANGLE,-12.50
TM,MAG_X,-7.73,MAG_Y,47.55,MAG_Z,12.59,MAG_HEADING,99.23
TM,GYRO_X,-1.339,GYRO_Y,-1.706,GYRO_Z,0.086,BODY_RATE,-0.086
TM,TEAM_CR,575,1411140,0.0,0.3,0.6,-0.6,0.5,30.6,30.7,-0.1,31,3
TM,ADCS_MODE,MANUAL,ADCS_REFERENCE,SUN,TARGET,0.00,POINTING_ERROR,12.58,SUN_ERROR,12.89,MAG_ERROR,-99.23,GYRO_Z,0.025,RW_CMD,0
TM,EST_RAW,-12.89,EST_FILTERED,-12.89,EST_ANGLE,-12.58,EST_FILTER,ON,EST_FILTER_TYPE,MOVING_AVERAGE,EST_MA_WINDOW,1,EST_FILTER_STRENGTH,0.35
TM,EST_FUSION,ON,EST_GYRO_WEIGHT,0.98,EST_VALID,1
TM,TEAM_CR,576,1411182,0.0,0.3,0.6,-0.6,-0.2,30.6,30.7,-0.1,31,3
TM,TEAM_CR,577,1411221,0.0,0.4,0.6,-0.6,0.2,30.6,30.7,-0.1,31,3
TM,TEAM_CR,578,1411261,0.0,0.3,0.5,-0.5,-0.2,30.6,30.7,-0.1,31,3
TM,TEAM_CR,579,1411301,0.0,0.5,0.5,-0.5,0.0,30.6,30.7,-0.1,31,3
TM,TEAM_CR,580,1411341,0.0,0.3,0.5,-0.5,-1.0,30.6,30.7,-0.1,31,3
TM,TEAM_CR,581,1411381,0.0,0.5,0.5,-0.5,0.1,30.6,30.7,-0.1,31,3
TM,TEAM_CR,582,1411433,0.0,0.2,0.5,-0.5,-0.3,30.6,30.7,-0.1,31,3
TM,TEAM_CR,583,1411473,0.0,0.5,0.5,-0.5,0.0,30.6,30.7,-0.1,31,3
TM,TEAM_CR,584,1411513,0.0,0.4,0.5,-0.5,-0.2,30.6,30.7,-0.1,31,3
TM,TEAM_CR,585,1411553,0.0,0.3,0.5,-0.5,-0.2,30.7,30.7,-0.1,31,3
TM,TEAM_CR,586,1411593,0.0,0.5,0.5,-0.5,-0.1,30.7,30.7,-0.1,31,3
TM,TEAM_CR,587,1411640,0.0,0.3,0.4,-0.4,-0.5,30.7,30.7,-0.1,31,3
TM,TEAM_CR,588,1411682,0.0,0.2,0.4,-0.4,0.0,30.7,30.7,-0.1,31,3
TM,TEAM_CR,589,1411721,0.0,0.4,0.4,-0.4,-0.1,30.7,30.7,-0.1,31,3
TM,TEAM_CR,590,1411761,0.0,0.5,0.4,-0.4,0.8,30.7,30.7,-0.1,31,3
TM,TEAM_CR,591,1411801,0.0,0.5,0.4,-0.4,-0.1,30.7,30.7,-0.1,31,3
TM,TEAM_CR,592,1411841,0.0,0.5,0.4,-0.4,0.4,30.7,30.7,-0.1,31,3
TM,SUN_L,3643,SUN_R,3720,SUN_NDV,-0.0105,SUN_ANGLE,-12.46
TM,MAG_X,-7.73,MAG_Y,47.66,MAG_Z,12.42,MAG_HEADING,99.21
TM,GYRO_X,-1.330,GYRO_Y,-1.960,GYRO_Z,-0.220,BODY_RATE,0.220
TM,TEAM_CR,593,1411881,0.0,0.5,0.4,-0.4,-0.6,30.7,30.7,-0.1,31,3
TM,TEAM_CR,594,1411932,0.0,0.4,0.4,-0.4,0.7,30.7,30.7,-0.1,31,3
TM,TEAM_CR,595,1411971,0.0,0.2,0.4,-0.4,-0.7,30.7,30.7,-0.1,31,3
TM,TEAM_CR,596,1412020,0.0,0.5,0.5,-0.5,0.6,30.7,30.7,-0.1,31,3
TM,TEAM_CR,597,1412060,0.0,0.4,0.4,-0.4,-0.2,30.7,30.7,-0.1,31,3
TM,TEAM_CR,598,1412100,0.0,0.5,0.5,-0.5,0.4,30.7,30.7,-0.1,31,3
TM,ADCS_MODE,MANUAL,ADCS_REFERENCE,SUN,TARGET,0.00,POINTING_ERROR,12.55,SUN_ERROR,12.67,MAG_ERROR,-99.16,GYRO_Z,-0.369,RW_CMD,0
TM,EST_RAW,-12.67,EST_FILTERED,-12.67,EST_ANGLE,-12.55,EST_FILTER,ON,EST_FILTER_TYPE,MOVING_AVERAGE,EST_MA_WINDOW,1,EST_FILTER_STRENGTH,0.35
TM,EST_FUSION,ON,EST_GYRO_WEIGHT,0.98,EST_VALID,1
TM,TEAM_CR,599,1412140,0.0,0.4,0.4,-0.4,-0.3,30.7,30.7,-0.1,31,3
TM,TEAM_CR,600,1412182,0.0,0.3,0.4,-0.4,0.2,30.7,30.7,-0.1,31,3
TM,TEAM_CR,601,1412222,0.0,0.4,0.4,-0.4,0.1,30.7,30.7,-0.1,31,3
TM,TEAM_CR,602,1412262,0.0,0.4,0.5,-0.5,0.2,30.7,30.7,-0.1,31,3
TM,TEAM_CR,603,1412302,0.0,0.3,0.4,-0.4,-0.2,30.7,30.7,-0.1,31,3
TM,TEAM_CR,604,1412342,0.0,0.3,0.4,-0.4,0.1,30.7,30.7,-0.1,31,3
TM,TEAM_CR,605,1412382,0.0,0.5,0.4,-0.4,-0.2,30.7,30.7,-0.1,31,3
TM,TEAM_CR,606,1412432,0.0,0.2,0.4,-0.4,-0.1,30.7,30.7,-0.1,31,3
TM,TEAM_CR,607,1412472,0.0,0.3,0.4,-0.4,0.7,30.7,30.7,-0.1,31,3
TM,TEAM_CR,608,1412512,0.0,0.2,0.4,-0.4,-0.4,30.7,30.7,-0.1,31,3
TM,TEAM_CR,609,1412552,0.0,0.4,0.4,-0.4,0.3,30.7,30.7,-0.1,31,3
TM,TEAM_CR,610,1412592,0.0,0.3,0.4,-0.4,-0.5,30.7,30.7,-0.1,31,3
TM,SUN_L,3644,SUN_R,3719,SUN_NDV,-0.0102,SUN_ANGLE,-12.79
TM,MAG_X,-7.57,MAG_Y,47.55,MAG_Z,12.48,MAG_HEADING,99.04
TM,GYRO_X,-1.365,GYRO_Y,-2.179,GYRO_Z,-0.045,BODY_RATE,0.045
TM,TEAM_CR,611,1412640,0.0,0.4,0.4,-0.4,1.1,30.7,30.7,-0.1,31,3
TM,TEAM_CR,612,1412681,0.0,0.4,0.4,-0.4,-0.5,30.7,30.7,-0.1,31,3
TM,TEAM_CR,613,1412721,0.0,0.4,0.4,-0.4,0.7,30.7,30.7,-0.1,31,3
TM,TEAM_CR,614,1412761,0.0,0.5,0.4,-0.4,-0.8,30.7,30.7,-0.1,31,3
TM,TEAM_CR,615,1412801,0.0,0.4,0.4,-0.4,0.7,30.7,30.7,-0.1,31,3
TM,TEAM_CR,616,1412841,0.0,0.1,0.4,-0.4,-0.6,30.7,30.7,-0.1,31,3
TM,TEAM_CR,617,1412881,0.0,0.0,0.4,-0.4,0.7,30.7,30.7,0.0,31,3
TM,TEAM_CR,618,1412932,0.0,0.5,0.4,-0.4,0.2,30.7,30.7,0.0,31,3
TM,TEAM_CR,619,1412972,0.0,-0.2,0.4,-0.4,0.3,30.7,30.7,0.0,31,3
TM,TEAM_CR,620,1413019,0.0,0.5,0.4,-0.4,0.7,30.7,30.7,0.0,31,3
TM,TEAM_CR,621,1413059,0.0,0.5,0.4,-0.4,-0.4,30.7,30.7,0.0,31,3
TM,ADCS_MODE,MANUAL,ADCS_REFERENCE,SUN,TARGET,0.00,POINTING_ERROR,12.60,SUN_ERROR,12.70,MAG_ERROR,-99.01,GYRO_Z,-0.010,RW_CMD,0
TM,EST_RAW,-12.70,EST_FILTERED,-12.70,EST_ANGLE,-12.60,EST_FILTER,ON,EST_FILTER_TYPE,MOVING_AVERAGE,EST_MA_WINDOW,1,EST_FILTER_STRENGTH,0.35
TM,EST_FUSION,ON,EST_GYRO_WEIGHT,0.98,EST_VALID,1
TM,TEAM_CR,622,1413100,0.0,0.7,0.4,-0.4,0.6,30.7,30.7,0.0,31,3
TM,TEAM_CR,623,1413139,0.0,0.5,0.4,-0.4,-0.4,30.7,30.7,0.0,31,3
TM,TEAM_CR,624,1413182,0.0,0.3,0.5,-0.5,0.6,30.7,30.7,0.0,31,3
TM,TEAM_CR,625,1413222,0.0,0.2,0.4,-0.4,-1.0,30.7,30.7,0.0,31,3
TM,TEAM_CR,626,1413261,0.0,0.5,0.4,-0.4,0.5,30.7,30.7,0.0,31,3
TM,TEAM_CR,627,1413301,0.0,-0.1,0.4,-0.4,-1.3,30.7,30.7,0.0,31,3
TM,TEAM_CR,628,1413341,0.0,0.4,0.4,-0.4,0.5,30.7,30.7,0.0,31,3
TM,SUN_L,3642,SUN_R,3720,SUN_NDV,-0.0106,SUN_ANGLE,-12.70
TM,MAG_X,-7.54,MAG_Y,47.74,MAG_Z,12.16,MAG_HEADING,98.97
TM,GYRO_X,-1.164,GYRO_Y,-2.021,GYRO_Z,-0.027,BODY_RATE,0.027
TM,TEAM_CR,629,1413381,0.0,0.3,0.4,-0.4,-0.7,30.7,30.7,0.0,31,3
TM,TEAM_CR,630,1413431,0.0,0.5,0.4,-0.4,0.0,30.7,30.7,0.0,31,3
TM,TEAM_CR,631,1413471,0.0,0.8,0.3,-0.3,-0.8,30.7,30.7,0.0,31,3
TM,TEAM_CR,632,1413511,0.0,0.6,0.3,-0.3,-0.6,30.7,30.7,0.0,31,3
TM,TEAM_CR,633,1413551,0.0,0.4,0.3,-0.3,-1.1,30.7,30.7,0.0,31,3
TM,TEAM_CR,634,1413591,0.0,0.3,0.3,-0.3,-0.6,30.7,30.7,0.0,31,3
TM,TEAM_CR,635,1413641,0.0,0.4,0.3,-0.3,0.4,30.7,30.7,0.0,31,3
TM,TEAM_CR,636,1413681,0.0,0.5,0.3,-0.3,-0.9,30.7,30.7,0.0,31,3
TM,TEAM_CR,637,1413721,0.0,0.6,0.2,-0.2,-0.2,30.7,30.7,0.0,31,3
TM,TEAM_CR,638,1413761,0.0,0.3,0.2,-0.2,-1.3,30.7,30.7,0.0,31,3
TM,TEAM_CR,639,1413801,0.0,0.4,0.2,-0.2,0.1,30.7,30.7,0.0,31,3
TM,TEAM_CR,640,1413841,0.0,0.2,0.2,-0.2,-1.2,30.7,30.7,0.0,31,3
TM,TEAM_CR,641,1413881,0.0,0.3,0.2,-0.2,0.1,30.7,30.7,0.0,31,3
TM,TEAM_CR,642,1413932,0.0,0.2,0.1,-0.1,-0.9,30.7,30.7,0.0,31,3
TM,TEAM_CR,643,1413972,0.0,0.2,0.1,-0.1,-0.8,30.7,30.7,0.0,31,3
TM,TEAM_CR,644,1414020,0.0,0.2,0.1,-0.1,-0.8,30.7,30.7,0.0,31,3
TM,ADCS_MODE,MANUAL,ADCS_REFERENCE,SUN,TARGET,0.00,POINTING_ERROR,12.60,SUN_ERROR,12.71,MAG_ERROR,-99.01,GYRO_Z,-0.237,RW_CMD,0
TM,EST_RAW,-12.71,EST_FILTERED,-12.71,EST_ANGLE,-12.60,EST_FILTER,ON,EST_FILTER_TYPE,MOVING_AVERAGE,EST_MA_WINDOW,1,EST_FILTER_STRENGTH,0.35
TM,EST_FUSION,ON,EST_GYRO_WEIGHT,0.98,EST_VALID,1
TM,TEAM_CR,645,1414061,0.0,0.3,0.1,-0.1,-1.2,30.7,30.7,0.0,31,3
TM,TEAM_CR,646,1414100,0.0,0.1,0.0,0.0,-0.1,30.7,30.7,0.0,31,3
TM,SUN_L,3643,SUN_R,3719,SUN_NDV,-0.0103,SUN_ANGLE,-12.52
TM,MAG_X,-7.57,MAG_Y,47.71,MAG_Z,12.38,MAG_HEADING,99.01
TM,GYRO_X,-0.796,GYRO_Y,-2.074,GYRO_Z,-0.202,BODY_RATE,0.202
TM,TEAM_CR,647,1414140,0.0,0.1,0.0,0.0,-1.4,30.7,30.7,0.0,31,3
TM,TEAM_CR,648,1414181,0.0,0.3,0.0,0.0,0.4,30.7,30.7,0.0,31,3
TM,TEAM_CR,649,1414221,0.0,0.1,0.0,0.0,-1.7,30.7,30.7,0.0,31,3
TM,TEAM_CR,650,1414261,0.0,-0.2,-0.1,0.1,0.0,30.7,30.7,0.0,31,3
TM,TEAM_CR,651,1414301,0.0,0.0,-0.1,0.1,-1.9,30.7,30.7,0.0,31,3
TM,TEAM_CR,652,1414341,0.0,0.0,-0.1,0.1,0.5,30.7,30.7,0.0,31,3
TM,TEAM_CR,653,1414381,0.0,-0.1,-0.2,0.2,-1.7,30.7,30.7,0.0,31,3
TM,TEAM_CR,654,1414434,0.0,-0.1,-0.1,0.1,0.5,30.7,30.7,0.0,31,3
TM,TEAM_CR,655,1414473,0.0,0.0,-0.2,0.2,-0.5,30.7,30.7,0.0,31,3
TM,TEAM_CR,656,1414513,0.0,0.1,-0.2,0.2,-1.1,30.7,30.7,0.0,31,3
TM,TEAM_CR,657,1414553,0.0,0.0,-0.2,0.2,-1.1,30.7,30.7,0.0,31,3
TM,TEAM_CR,658,1414593,0.0,-0.2,-0.3,0.3,-1.1,30.7,30.7,0.0,31,3
TM,TEAM_CR,659,1414640,0.0,-0.1,-0.3,0.3,0.3,30.7,30.7,0.0,31,3
TM,TEAM_CR,660,1414682,0.0,0.3,-0.3,0.3,-2.2,30.7,30.7,0.0,31,3
TM,TEAM_CR,661,1414721,0.0,-0.8,-0.3,0.3,0.1,30.7,30.7,0.0,31,3
TM,TEAM_CR,662,1414761,0.0,-0.1,-0.4,0.4,-2.1,30.7,30.7,0.0,31,3
TM,TEAM_CR,663,1414801,0.0,-0.4,-0.4,0.4,0.2,30.7,30.7,0.0,31,3
TM,TEAM_CR,664,1414841,0.0,-0.3,-0.5,0.5,-1.8,30.7,30.7,0.0,31,3
TM,TEAM_CR,665,1414881,0.0,-0.5,-0.5,0.5,0.5,30.7,30.7,0.0,31,3
TM,SUN_L,3644,SUN_R,3720,SUN_NDV,-0.0103,SUN_ANGLE,-12.53
TM,MAG_X,-7.71,MAG_Y,47.82,MAG_Z,12.45,MAG_HEADING,99.16
TM,GYRO_X,-1.076,GYRO_Y,-2.223,GYRO_Z,-0.106,BODY_RATE,0.106
TM,TEAM_CR,666,1414932,0.0,-0.5,-0.5,0.5,-0.8,30.7,30.7,0.0,31,3
TM,ADCS_MODE,MANUAL,ADCS_REFERENCE,SUN,TARGET,0.00,POINTING_ERROR,12.57,SUN_ERROR,12.40,MAG_ERROR,-99.16,GYRO_Z,-0.159,RW_CMD,0
TM,EST_RAW,-12.40,EST_FILTERED,-12.40,EST_ANGLE,-12.57,EST_FILTER,ON,EST_FILTER_TYPE,MOVING_AVERAGE,EST_MA_WINDOW,1,EST_FILTER_STRENGTH,0.35
TM,EST_FUSION,ON,EST_GYRO_WEIGHT,0.98,EST_VALID,1
TM,TEAM_CR,667,1414971,0.0,-0.9,-0.5,0.5,-0.4,30.7,30.7,0.0,31,3
TM,TEAM_CR,668,1415020,0.0,-0.5,-0.5,0.5,0.3,30.7,30.7,0.0,31,3
TM,TEAM_CR,669,1415060,0.0,-0.7,-0.6,0.6,-2.0,30.7,30.7,0.0,31,3
TM,TEAM_CR,670,1415100,0.0,-0.3,-0.6,0.6,0.1,30.7,30.7,0.0,31,3
TM,TEAM_CR,671,1415140,0.0,-0.8,-0.7,0.7,-2.1,30.7,30.7,0.0,31,3
TM,TEAM_CR,672,1415182,0.0,-1.1,-0.7,0.7,0.5,30.7,30.7,0.0,31,3
TM,TEAM_CR,673,1415222,0.0,-0.6,-0.7,0.7,-1.6,30.7,30.7,0.0,31,3
TM,TEAM_CR,674,1415262,0.0,-1.2,-0.7,0.7,0.5,30.7,30.7,0.0,31,3
TM,TEAM_CR,675,1415303,0.0,-0.6,-0.8,0.8,-1.2,30.7,30.7,0.0,31,3
TM,TEAM_CR,676,1415342,0.0,-0.7,-0.8,0.8,0.5,30.7,30.7,0.0,31,3
TM,TEAM_CR,677,1415382,0.0,-0.9,-0.8,0.8,-1.1,30.7,30.7,0.0,31,3
TM,TEAM_CR,678,1415432,0.0,-1.0,-0.9,0.9,-1.9,30.7,30.7,0.0,31,3
TM,TEAM_CR,679,1415472,0.0,-0.8,-0.9,0.9,0.0,30.7,30.7,0.0,31,3
TM,TEAM_CR,680,1415513,0.0,-1.3,-1.0,1.0,-1.9,30.7,30.7,0.0,31,3
TM,TEAM_CR,681,1415552,0.0,-1.0,-1.0,1.0,0.5,30.7,30.7,0.0,31,3
TM,TEAM_CR,682,1415592,0.0,-1.2,-1.0,1.0,-2.3,35.1,30.8,0.0,33,3
TM,TEAM_CR,683,1415640,0.0,-1.1,-1.0,1.0,-0.1,32.9,30.8,0.0,33,3
TM,SUN_L,3644,SUN_R,3719,SUN_NDV,-0.0102,SUN_ANGLE,-12.44
TM,MAG_X,-7.66,MAG_Y,47.89,MAG_Z,12.51,MAG_HEADING,99.09
TM,GYRO_X,-1.041,GYRO_Y,-2.310,GYRO_Z,-0.089,BODY_RATE,0.089
TM,TEAM_CR,684,1415681,0.0,-1.1,-1.1,1.1,-1.3,34.2,30.8,0.0,34,3
TM,TEAM_CR,685,1415722,0.0,-1.1,-1.0,1.0,0.3,32.6,30.8,0.0,33,3
TM,TEAM_CR,686,1415762,0.0,-1.1,-1.1,1.1,0.1,32.8,30.8,0.0,33,3
TM,TEAM_CR,687,1415801,0.0,-1.0,-1.0,1.0,0.0,32.9,30.9,0.0,33,3
TM,TEAM_CR,688,1415841,0.0,-1.0,-1.0,1.0,0.6,32.4,30.9,0.0,33,3
EVT,TEAM_CDUMP,END,689
TM,ADCS_MODE,MANUAL,ADCS_REFERENCE,SUN,TARGET,0.00,POINTING_ERROR,12.58,SUN_ERROR,12.55,MAG_ERROR,-99.09,GYRO_Z,0.121,RW_CMD,0
TM,EST_RAW,-12.55,EST_FILTERED,-12.55,EST_ANGLE,-12.58,EST_FILTER,ON,EST_FILTER_TYPE,MOVING_AVERAGE,EST_MA_WINDOW,1,EST_FILTER_STRENGTH,0.35
TM,EST_FUSION,ON,EST_GYRO_WEIGHT,0.98,EST_VALID,1
TM,SUN_L,3643,SUN_R,3720,SUN_NDV,-0.0105,SUN_ANGLE,-12.56
TM,MAG_X,-7.54,MAG_Y,47.95,MAG_Z,12.34,MAG_HEADING,98.93
TM,GYRO_X,-0.770,GYRO_Y,-2.284,GYRO_Z,0.200,BODY_RATE,-0.200
TM,ADCS_MODE,MANUAL,ADCS_REFERENCE,SUN,TARGET,0.00,POINTING_ERROR,12.60,SUN_ERROR,12.81,MAG_ERROR,-98.89,GYRO_Z,0.174,RW_CMD,0
TM,EST_RAW,-12.81,EST_FILTERED,-12.81,EST_ANGLE,-12.60,EST_FILTER,ON,EST_FILTER_TYPE,MOVING_AVERAGE,EST_MA_WINDOW,1,EST_FILTER_STRENGTH,0.35
TM,EST_FUSION,ON,EST_GYRO_WEIGHT,0.98,EST_VALID,1

