ACK,TEAM_CDUMP,284
TM,TEAM_CR_AUTO,ON,TGT,0.00,EST,23.69,ANG,23.69,LIT,1,ERR,-23.69,KP,4,KD,2,KI,1,SIGN,1,RSIGN,-1,MAX,60,DB,0.5,WRAP,1,SYNC,1,STRAT,RW
TM,TEAM_CR_HEAD,N,284,DIV,2,COLS,i;t;tgt;ang;est;err;gz;u;I;K;rw;fl
TM,TEAM_CR,0,962259,0.0,23.6,23.7,-23.7,0.1,-95.4,-0.5,0.0,-2,17
TM,TEAM_CR,1,962300,0.0,23.6,23.7,-23.7,-0.4,-94.3,-0.5,0.0,-22,17
TM,TEAM_CR,2,962340,0.0,23.7,23.6,-23.6,-1.3,-92.5,-0.5,0.0,-42,17
TM,TEAM_CR,3,962414,0.0,23.2,23.1,-23.1,-9.6,-73.7,-0.5,0.0,-60,17
TM,TEAM_CR,4,962454,0.0,23.3,22.5,-22.5,-17.3,-55.8,-0.5,0.0,-59,1
TM,TEAM_CR,5,962501,0.0,22.5,21.5,-21.5,-22.8,-41.9,-1.3,0.0,-46,1
TM,TEAM_CR,6,962541,0.0,22.4,20.6,-20.6,-25.0,-34.5,-2.2,0.0,-35,1
TM,TEAM_CR,7,962580,0.0,22.2,19.7,-19.7,-25.2,-31.4,-3.0,0.0,-32,1
TM,TEAM_CR,8,962620,0.0,21.9,18.8,-18.8,-26.3,-26.4,-3.7,0.0,-28,1
TM,TEAM_CR,9,962660,0.0,21.5,17.9,-17.9,-25.0,-26.2,-4.5,0.0,-26,1
TM,SUN_L,3707,SUN_R,3722,SUN_NDV,-0.0020,SUN_ANGLE,-2.21
TM,TEAM_CR,10,962700,0.0,21.1,17.1,-17.1,-26.0,-21.4,-5.2,0.0,-24,1
TM,TEAM_CR,11,962740,0.0,20.4,16.1,-16.1,-27.7,-15.0,-5.8,0.0,-16,1
TM,TEAM_CR,12,962780,0.0,19.8,15.2,-15.2,-27.9,-11.5,-6.4,0.0,-12,1
TM,TEAM_CR,13,962820,0.0,18.8,14.2,-14.2,-28.8,-6.4,-7.0,0.0,-7,1
TM,TEAM_CR,14,962860,0.0,17.9,13.3,-13.3,-28.5,-3.7,-7.5,0.0,-4,1
TM,TEAM_CR,15,962908,0.0,16.3,12.2,-12.2,-27.0,-2.6,-8.0,0.0,-3,1
TM,TEAM_CR,16,962948,0.0,15.9,11.3,-11.3,-25.1,-3.5,-8.5,0.0,-4,1
TM,TEAM_CR,17,962988,0.0,14.8,10.6,-10.6,-22.7,-5.8,-8.9,0.0,-6,1
TM,TEAM_CR,18,963028,0.0,14.3,9.9,-9.9,-21.9,-4.9,-9.3,0.0,-5,1
TM,TEAM_CR,19,963068,0.0,13.7,9.2,-9.2,-21.9,-2.5,-9.7,0.0,-3,1
TM,TEAM_CR,20,963109,0.0,13.2,8.5,-8.5,-22.3,0.7,-10.1,0.0,1,1
TM,TEAM_CR,21,963149,0.0,12.6,7.8,-7.8,-21.8,2.0,-10.4,0.0,2,1
TM,TEAM_CR,22,963188,0.0,12.3,7.2,-7.2,-19.8,0.2,-10.7,0.0,0,1
TM,TEAM_CR,23,963228,0.0,11.9,6.7,-6.7,-17.7,-2.2,-10.9,0.0,-2,1
TM,TEAM_CR,24,963268,0.0,11.6,6.2,-6.2,-16.3,-3.4,-11.2,0.0,-3,1
TM,TEAM_CR,25,963308,0.0,10.8,5.8,-5.8,-14.8,-5.0,-11.4,0.0,-5,1
TM,TEAM_CR,26,963348,0.0,10.5,5.4,-5.4,-14.5,-4.4,-11.6,0.0,-4,1
TM,TEAM_CR,27,963388,0.0,10.1,5.1,-5.1,-14.5,-3.0,-11.9,0.0,-3,1
TM,TEAM_CR,28,963428,0.0,8.5,4.6,-4.6,-14.9,-0.8,-12.0,0.0,-1,1
TM,TEAM_CR,29,963468,0.0,8.6,4.2,-4.2,-14.8,0.4,-12.2,0.0,0,1
TM,SUN_L,3706,SUN_R,3721,SUN_NDV,-0.0020,SUN_ANGLE,-2.26
TM,TEAM_CR,30,963508,0.0,8.0,3.8,-3.8,-14.3,0.8,-12.4,0.0,1,1
TM,TEAM_CR,31,963548,0.0,6.7,3.4,-3.4,-13.0,-0.4,-12.5,0.0,0,1
TM,TEAM_CR,32,963589,0.0,6.4,3.1,-3.1,-11.7,-1.6,-12.6,0.0,-2,1
TM,TEAM_CR,33,963628,0.0,5.8,2.8,-2.8,-10.6,-2.9,-12.8,0.0,-3,1
TM,TEAM_CR,34,963668,0.0,5.1,2.5,-2.5,-10.2,-2.4,-12.9,0.0,-2,1
TM,TEAM_CR,35,963708,0.0,4.8,2.2,-2.2,-9.8,-2.3,-13.0,0.0,-2,1
TM,TEAM_CR,36,963748,0.0,4.4,1.9,-1.9,-10.5,0.3,-13.0,0.0,0,1
TM,TEAM_CR,37,963788,0.0,4.1,1.6,-1.6,-10.9,2.5,-13.1,0.0,2,1
TM,TEAM_CR,38,963828,0.0,3.8,1.2,-1.2,-11.5,4.9,-13.1,0.0,5,1
TM,TEAM_CR,39,963873,0.0,3.4,0.8,-0.8,-11.5,6.7,-13.2,0.0,7,1
TM,TEAM_CR,40,963913,0.0,3.1,0.5,-0.5,-10.6,-13.2,-13.2,0.0,5,1
TM,TEAM_CR,41,963953,0.0,2.7,0.2,-0.2,-9.5,-13.2,-13.2,0.0,-13,1
TM,TEAM_CR,42,963993,0.0,2.5,-0.1,0.1,-10.0,-13.2,-13.2,0.0,-13,1
TM,TEAM_CR,43,964033,0.0,2.1,-0.4,0.4,-10.1,-13.2,-13.2,0.0,-13,1
TM,TEAM_CR,44,964073,0.0,2.0,-0.7,0.7,-11.2,12.2,-13.2,0.0,-2,1
TM,TEAM_CR,45,964114,0.0,1.7,-1.0,1.0,-10.8,12.7,-13.1,0.0,13,1
TM,TEAM_CR,46,964153,0.0,1.6,-1.3,1.3,-10.0,12.2,-13.1,0.0,12,1
TM,TEAM_CR,47,964193,0.0,1.3,-1.6,1.6,-8.0,9.2,-13.0,0.0,11,1
TM,TEAM_CR,48,964233,0.0,0.9,-1.7,1.7,-6.2,6.3,-13.0,0.0,6,1
TM,TEAM_CR,49,964273,0.0,0.8,-1.9,1.9,-6.3,7.2,-12.9,0.0,7,1
TM,SUN_L,3703,SUN_R,3719,SUN_NDV,-0.0022,SUN_ANGLE,-2.63
TM,TEAM_CR,50,964313,0.0,0.3,-2.0,2.0,-5.6,6.3,-12.8,0.0,6,1
TM,TEAM_CR,51,964353,0.0,0.3,-2.1,2.1,-4.7,5.0,-12.7,0.0,5,1
TM,TEAM_CR,52,964395,0.0,0.2,-2.1,2.1,-3.0,1.9,-12.6,0.0,2,1
TM,TEAM_CR,53,964435,0.0,0.1,-2.1,2.1,1.4,-7.2,-12.6,0.0,-2,1
TM,TEAM_CR,54,964475,0.0,0.0,-1.8,1.8,5.2,-15.8,-12.5,0.0,-15,1
TM,TEAM_CR,55,964515,0.0,0.5,-1.5,1.5,4.8,-15.9,-12.4,0.0,-16,1
TM,TEAM_CR,56,964555,0.0,0.6,-1.3,1.3,4.1,-15.5,-12.4,0.0,-15,1
TM,TEAM_CR,57,964595,0.0,0.5,-1.1,1.1,3.5,-15.1,-12.3,0.0,-15,1
TM,TEAM_CR,58,964635,0.0,0.8,-0.9,0.9,2.4,-13.6,-12.3,0.0,-14,1
TM,TEAM_CR,59,964675,0.0,1.0,-0.7,0.7,1.4,-12.0,-12.3,0.0,-12,1
TM,TEAM_CR,60,964715,0.0,0.8,-0.7,0.7,0.2,-9.9,-12.2,0.0,-10,1
TM,TEAM_CR,61,964755,0.0,1.0,-0.6,0.6,0.1,-10.0,-12.2,0.0,-10,1
TM,TEAM_CR,62,964795,0.0,0.9,-0.5,0.5,-0.1,-9.7,-12.2,0.0,-10,1
TM,TEAM_CR,63,964835,0.0,0.9,-0.5,0.5,-0.7,-8.7,-12.2,0.0,-9,1
TM,TEAM_CR,64,964876,0.0,0.6,-0.5,0.5,-0.7,-12.1,-12.1,0.0,-11,1
TM,TEAM_CR,65,964916,0.0,0.8,-0.5,0.5,-1.2,-12.1,-12.1,0.0,-12,1
TM,TEAM_CR,66,964956,0.0,0.8,-0.5,0.5,-2.0,-12.1,-12.1,0.0,-12,1
TM,TEAM_CR,67,964997,0.0,0.8,-0.5,0.5,-2.7,-4.7,-12.1,0.0,-10,1
TM,TEAM_CR,68,965037,0.0,0.5,-0.6,0.6,-2.7,-4.4,-12.1,0.0,-4,1
TM,TEAM_CR,69,965076,0.0,0.5,-0.6,0.6,-3.0,-3.5,-12.1,0.0,-4,1
TM,SUN_L,3703,SUN_R,3718,SUN_NDV,-0.0020,SUN_ANGLE,-2.31
TM,TEAM_CR,70,965116,0.0,0.4,-0.8,0.8,-3.9,-12.1,-12.1,0.0,-12,3
TM,TEAM_CR,71,965156,0.0,0.3,-0.9,0.9,-4.8,-12.1,-12.1,0.0,-12,3
TM,TEAM_CR,72,965196,0.0,-0.1,-1.1,1.1,-5.2,-4.8,-12.1,0.0,-11,3
TM,TEAM_CR,73,965236,0.0,-0.2,-1.2,1.2,-5.0,-4.6,-12.1,0.0,-5,3
TM,TEAM_CR,74,965276,0.0,-0.5,-1.4,1.4,-5.4,-3.9,-12.0,0.0,-4,3
TM,TEAM_CR,75,965316,0.0,-0.6,-1.6,1.6,-6.3,-2.6,-12.0,0.0,-3,3
TM,TEAM_CR,76,965356,0.0,-1.1,-1.8,1.8,-6.4,-1.9,-12.0,0.0,-2,3
TM,TEAM_CR,77,965400,0.0,-1.4,-2.0,2.0,-6.6,9.5,-11.9,0.0,2,1
TM,TEAM_CR,78,965436,0.0,-1.6,-2.3,2.3,-6.8,10.9,-11.8,0.0,11,1
TM,TEAM_CR,79,965477,0.0,-1.9,-2.5,2.5,-5.8,9.9,-11.7,0.0,10,1
TM,TEAM_CR,80,965516,0.0,-1.8,-2.7,2.7,-5.0,9.1,-11.6,0.0,9,1
TM,TEAM_CR,81,965556,0.0,-2.2,-2.8,2.8,-4.6,9.0,-11.5,0.0,9,1
TM,TEAM_CR,82,965596,0.0,-2.4,-3.0,3.0,-4.2,8.8,-11.4,0.0,9,1
TM,TEAM_CR,83,965636,0.0,-2.5,-3.1,3.1,-3.8,8.7,-11.3,0.0,9,1
TM,TEAM_CR,84,965676,0.0,-2.5,-3.2,3.2,-3.9,9.5,-11.1,0.0,9,1
TM,TEAM_CR,85,965716,0.0,-2.7,-3.3,3.3,-4.1,10.7,-11.0,0.0,11,1
TM,TEAM_CR,86,965756,0.0,-2.8,-3.5,3.5,-5.9,15.1,-10.9,0.0,14,1
TM,TEAM_CR,87,965796,0.0,-2.9,-3.8,3.8,-8.7,22.0,-10.7,0.0,21,1
TM,TEAM_CR,88,965837,0.0,-3.5,-4.2,4.2,-9.7,25.5,-10.5,0.0,26,1
TM,TEAM_CR,89,965880,0.0,-3.6,-4.6,4.6,-9.9,27.7,-10.4,0.0,28,1
TM,SUN_L,3702,SUN_R,3717,SUN_NDV,-0.0020,SUN_ANGLE,-2.17
TM,TEAM_CR,90,965921,0.0,-4.1,-4.9,4.9,-10.2,30.0,-10.2,0.0,30,1
TM,TEAM_CR,91,965961,0.0,-4.6,-5.3,5.3,-10.2,31.8,-10.0,0.0,32,1
TM,TEAM_CR,92,966000,0.0,-4.6,-5.7,5.7,-10.3,33.6,-9.7,0.0,34,1
TM,TEAM_CR,93,966040,0.0,-5.5,-6.0,6.0,-9.7,34.0,-9.5,0.0,34,1
TM,TEAM_CR,94,966080,0.0,-5.6,-6.3,6.3,-7.8,31.8,-9.3,0.0,32,1
TM,TEAM_CR,95,966120,0.0,-6.2,-6.6,6.6,-6.2,29.7,-9.0,0.0,30,1
TM,TEAM_CR,96,966160,0.0,-6.5,-6.7,6.7,-3.5,25.2,-8.7,0.0,27,1
TM,TEAM_CR,97,966200,0.0,-6.5,-6.8,6.8,-1.7,22.3,-8.5,0.0,22,1
TM,TEAM_CR,98,966240,0.0,-7.5,-6.9,6.9,-0.8,20.8,-8.2,0.0,21,1
TM,TEAM_CR,99,966280,0.0,-7.1,-6.9,6.9,0.0,19.7,-7.9,0.0,20,1
TM,TEAM_CR,100,966320,0.0,-7.1,-6.9,6.9,0.5,18.8,-7.6,0.0,19,1
TM,TEAM_CR,101,966360,0.0,-7.1,-6.9,6.9,-0.1,20.4,-7.4,0.0,20,1
TM,TEAM_CR,102,966401,0.0,-6.9,-6.9,6.9,-1.6,23.8,-7.1,0.0,23,1
TM,TEAM_CR,103,966440,0.0,-7.6,-7.0,7.0,-1.1,23.6,-6.8,0.0,24,1
TM,TEAM_CR,104,966480,0.0,-7.6,-7.0,7.0,-0.1,21.9,-6.5,0.0,22,1
TM,TEAM_CR,105,966520,0.0,-7.5,-7.1,7.1,0.1,21.9,-6.2,0.0,22,1
TM,TEAM_CR,106,966560,0.0,-7.3,-7.1,7.1,0.5,21.2,-5.9,0.0,21,1
TM,TEAM_CR,107,966600,0.0,-7.0,-7.0,7.0,1.1,20.1,-5.7,0.0,20,1
TM,TEAM_CR,108,966640,0.0,-7.6,-7.0,7.0,1.3,20.0,-5.4,0.0,20,1
TM,TEAM_CR,109,966680,0.0,-7.1,-6.9,6.9,2.5,17.5,-5.1,0.0,18,1
TM,SUN_L,3703,SUN_R,3720,SUN_NDV,-0.0023,SUN_ANGLE,-2.00
TM,TEAM_CR,110,966720,0.0,-7.0,-6.8,6.8,3.1,16.1,-4.8,0.0,16,1
TM,TEAM_CR,111,966760,0.0,-6.6,-6.7,6.7,2.4,17.4,-4.6,0.0,17,1
TM,TEAM_CR,112,966800,0.0,-6.3,-6.6,6.6,1.3,19.5,-4.3,0.0,19,1
TM,TEAM_CR,113,966841,0.0,-6.7,-6.6,6.6,0.2,21.9,-4.0,0.0,22,1
TM,TEAM_CR,114,966881,0.0,-6.1,-6.6,6.6,0.2,22.2,-3.8,0.0,22,1
TM,TEAM_CR,115,966921,0.0,-6.7,-6.6,6.6,0.4,22.0,-3.5,0.0,22,1
TM,TEAM_CR,116,966961,0.0,-6.3,-6.5,6.5,1.6,19.6,-3.3,0.0,20,1
TM,TEAM_CR,117,967001,0.0,-6.7,-6.4,6.4,2.6,17.5,-3.0,0.0,18,1
TM,TEAM_CR,118,967041,0.0,-5.7,-6.3,6.3,2.4,17.6,-2.7,0.0,18,1
TM,TEAM_CR,119,967081,0.0,-6.0,-6.2,6.2,2.1,18.0,-2.5,0.0,18,1
TM,TEAM_CR,120,967121,0.0,-5.5,-6.1,6.1,1.7,18.6,-2.3,0.0,19,1
TM,TEAM_CR,121,967161,0.0,-5.4,-6.0,6.0,1.8,18.4,-2.0,0.0,18,1
TM,TEAM_CR,122,967201,0.0,-5.4,-5.9,5.9,1.8,18.2,-1.8,0.0,18,1
TM,TEAM_CR,123,967242,0.0,-5.5,-5.8,5.8,2.3,17.1,-1.5,0.0,17,1
TM,TEAM_CR,124,967282,0.0,-5.3,-5.7,5.7,3.4,14.4,-1.3,0.0,15,1
TM,TEAM_CR,125,967321,0.0,-5.3,-5.5,5.5,2.6,15.9,-1.1,0.0,16,1
TM,TEAM_CR,126,967361,0.0,-4.9,-5.5,5.5,0.1,20.9,-0.9,0.0,20,1
TM,TEAM_CR,127,967402,0.0,-5.1,-5.5,5.5,-0.6,22.6,-0.7,0.0,23,1
TM,TEAM_CR,128,967442,0.0,-5.0,-5.5,5.5,0.2,21.1,-0.4,0.0,21,1
TM,TEAM_CR,129,967482,0.0,-5.6,-5.4,5.4,0.4,20.8,-0.2,0.0,21,1
TM,SUN_L,3702,SUN_R,3720,SUN_NDV,-0.0024,SUN_ANGLE,-2.41
TM,TEAM_CR,130,967522,0.0,-5.1,-5.4,5.4,0.4,20.9,0.0,0.0,21,1
TM,TEAM_CR,131,967562,0.0,-5.1,-5.4,5.4,-0.6,23.1,0.2,0.0,23,1
TM,TEAM_CR,132,967602,0.0,-5.0,-5.4,5.4,-0.4,22.9,0.4,0.0,23,1
TM,TEAM_CR,133,967642,0.0,-5.1,-5.4,5.4,0.2,21.9,0.7,0.0,22,1
TM,TEAM_CR,134,967683,0.0,-5.0,-5.4,5.4,0.8,20.8,0.9,0.0,21,1
TM,TEAM_CR,135,967722,0.0,-5.0,-5.4,5.4,0.1,22.2,1.1,0.0,22,1
TM,TEAM_CR,136,967762,0.0,-5.2,-5.4,5.4,-0.4,23.6,1.3,0.0,24,1
TM,TEAM_CR,137,967802,0.0,-4.9,-5.4,5.4,0.0,22.8,1.5,0.0,23,1
TM,TEAM_CR,138,967842,0.0,-5.0,-5.3,5.3,0.6,21.9,1.7,0.0,22,1
TM,TEAM_CR,139,967882,0.0,-5.3,-5.3,5.3,-0.3,23.9,1.9,0.0,24,1
TM,TEAM_CR,140,967922,0.0,-5.1,-5.4,5.4,-1.0,25.7,2.2,0.0,26,1
TM,TEAM_CR,141,967962,0.0,-5.3,-5.3,5.3,0.3,23.2,2.4,0.0,23,1
TM,TEAM_CR,142,968002,0.0,-5.3,-5.3,5.3,1.4,20.9,2.6,0.0,21,1
TM,TEAM_CR,143,968042,0.0,-5.0,-5.2,5.2,1.3,21.1,2.8,0.0,21,1
TM,TEAM_CR,144,968082,0.0,-4.9,-5.2,5.2,0.1,23.5,3.0,0.0,23,1
TM,TEAM_CR,145,968122,0.0,-5.2,-5.2,5.2,0.9,21.9,3.2,0.0,22,1
TM,TEAM_CR,146,968163,0.0,-4.8,-5.1,5.1,1.3,21.2,3.4,0.0,21,1
TM,TEAM_CR,147,968202,0.0,-4.6,-5.0,5.0,1.1,21.7,3.6,0.0,22,1
TM,TEAM_CR,148,968242,0.0,-4.8,-5.0,5.0,1.0,21.8,3.8,0.0,22,1
TM,TEAM_CR,149,968282,0.0,-4.7,-4.9,4.9,1.9,20.0,4.0,0.0,20,1
TM,SUN_L,3702,SUN_R,3721,SUN_NDV,-0.0026,SUN_ANGLE,-2.65
TM,TEAM_CR,150,968322,0.0,-4.8,-4.9,4.9,1.6,20.5,4.2,0.0,20,1
TM,TEAM_CR,151,968362,0.0,-4.7,-4.8,4.8,0.1,23.4,4.4,0.0,23,1
TM,TEAM_CR,152,968402,0.0,-4.5,-4.8,4.8,0.9,21.9,4.6,0.0,22,1
TM,TEAM_CR,153,968442,0.0,-4.9,-4.8,4.8,0.3,23.2,4.8,0.0,23,1
TM,TEAM_CR,154,968482,0.0,-4.6,-4.8,4.8,0.2,23.7,5.0,0.0,24,1
TM,TEAM_CR,155,968523,0.0,-4.4,-4.7,4.7,0.6,22.8,5.2,0.0,23,1
TM,TEAM_CR,156,968563,0.0,-4.7,-4.7,4.7,-0.5,25.2,5.3,0.0,25,1
TM,TEAM_CR,157,968602,0.0,-4.4,-4.7,4.7,-0.1,24.6,5.5,0.0,25,1
TM,TEAM_CR,158,968642,0.0,-4.7,-4.7,4.7,0.2,24.2,5.7,0.0,24,1
TM,TEAM_CR,159,968682,0.0,-4.6,-4.7,4.7,-0.6,26.0,5.9,0.0,26,1
TM,TEAM_CR,160,968722,0.0,-4.6,-4.7,4.7,0.4,24.2,6.1,0.0,24,1
TM,TEAM_CR,161,968762,0.0,-4.6,-4.7,4.7,1.5,21.9,6.3,0.0,22,1
TM,TEAM_CR,162,968802,0.0,-4.5,-4.6,4.6,0.2,24.6,6.5,0.0,25,1
TM,TEAM_CR,163,968842,0.0,-4.5,-4.6,4.6,0.7,23.7,6.7,0.0,24,1
TM,TEAM_CR,164,968883,0.0,-4.6,-4.6,4.6,0.6,23.8,6.8,0.0,24,1
TM,TEAM_CR,165,968923,0.0,-4.3,-4.5,4.5,1.2,22.7,7.0,0.0,23,1
TM,TEAM_CR,166,968964,0.0,-4.3,-4.4,4.4,1.9,21.3,7.2,0.0,21,1
TM,TEAM_CR,167,969004,0.0,-4.4,-4.4,4.4,1.0,23.0,7.4,0.0,23,1
TM,TEAM_CR,168,969043,0.0,-4.4,-4.3,4.3,1.7,21.5,7.6,0.0,21,1
TM,TEAM_CR,169,969083,0.0,-4.3,-4.3,4.3,1.1,22.8,7.7,0.0,23,1
TM,SUN_L,3702,SUN_R,3719,SUN_NDV,-0.0023,SUN_ANGLE,-2.49
TM,TEAM_CR,170,969123,0.0,-4.1,-4.3,4.3,1.1,22.8,7.9,0.0,23,1
TM,TEAM_CR,171,969163,0.0,-3.9,-4.2,4.2,1.0,22.8,8.1,0.0,23,1
TM,TEAM_CR,172,969203,0.0,-3.9,-4.2,4.2,0.9,23.2,8.2,0.0,23,1
TM,TEAM_CR,173,969243,0.0,-4.2,-4.1,4.1,0.5,24.0,8.4,0.0,24,1
TM,TEAM_CR,174,969283,0.0,-3.9,-4.1,4.1,0.6,23.8,8.6,0.0,24,1
TM,TEAM_CR,175,969323,0.0,-3.8,-4.0,4.0,2.0,20.9,8.7,0.0,21,1
TM,TEAM_CR,176,969363,0.0,-4.0,-4.0,4.0,1.3,22.1,8.9,0.0,22,1
TM,TEAM_CR,177,969403,0.0,-3.7,-3.9,3.9,1.3,22.1,9.0,0.0,22,1
TM,TEAM_CR,178,969444,0.0,-4.1,-3.9,3.9,0.6,23.5,9.2,0.0,23,1
TM,TEAM_CR,179,969483,0.0,-4.2,-3.9,3.9,1.1,22.6,9.4,0.0,23,1
TM,TEAM_CR,180,969523,0.0,-3.7,-3.8,3.8,1.0,22.7,9.5,0.0,23,1
TM,TEAM_CR,181,969563,0.0,-3.4,-3.8,3.8,1.5,21.6,9.7,0.0,22,1
TM,TEAM_CR,182,969603,0.0,-3.7,-3.7,3.7,1.1,22.4,9.8,0.0,22,1
TM,TEAM_CR,183,969643,0.0,-3.7,-3.6,3.6,1.8,20.8,10.0,0.0,21,1
TM,TEAM_CR,184,969683,0.0,-3.6,-3.6,3.6,1.7,20.8,10.1,0.0,21,1
TM,TEAM_CR,185,969723,0.0,-3.5,-3.5,3.5,2.2,19.7,10.2,0.0,20,1
TM,TEAM_CR,186,969763,0.0,-3.4,-3.4,3.4,1.7,20.6,10.4,0.0,21,1
TM,TEAM_CR,187,969803,0.0,-3.1,-3.3,3.3,2.2,19.3,10.5,0.0,19,1
TM,TEAM_CR,188,969843,0.0,-3.3,-3.2,3.2,1.4,20.9,10.6,0.0,21,1
TM,TEAM_CR,189,969884,0.0,-2.9,-3.2,3.2,1.4,20.6,10.8,0.0,21,1
TM,SUN_L,3702,SUN_R,3719,SUN_NDV,-0.0023,SUN_ANGLE,-2.52
TM,TEAM_CR,190,969925,0.0,-3.1,-3.1,3.1,0.9,21.6,10.9,0.0,22,1
TM,TEAM_CR,191,969964,0.0,-3.4,-3.1,3.1,1.6,20.2,11.0,0.0,20,1
TM,TEAM_CR,192,970004,0.0,-3.2,-3.1,3.1,0.6,22.2,11.1,0.0,22,1
TM,TEAM_CR,193,970044,0.0,-3.0,-3.0,3.0,0.4,22.5,11.3,0.0,22,1
TM,TEAM_CR,194,970084,0.0,-3.0,-3.0,3.0,0.6,22.3,11.4,0.0,22,1
TM,TEAM_CR,195,970124,0.0,-2.9,-3.0,3.0,0.3,22.8,11.5,0.0,23,1
TM,TEAM_CR,196,970164,0.0,-3.0,-3.0,3.0,0.3,22.8,11.6,0.0,23,1
TM,TEAM_CR,197,970204,0.0,-2.9,-2.9,2.9,0.2,23.1,11.7,0.0,23,1
TM,TEAM_CR,198,970244,0.0,-2.9,-2.9,2.9,1.1,21.3,11.8,0.0,21,1
TM,TEAM_CR,199,970285,0.0,-3.0,-2.9,2.9,1.1,21.3,12.0,0.0,21,1
TM,TEAM_CR,200,970325,0.0,-3.0,-2.8,2.8,1.4,20.5,12.1,0.0,20,1
TM,TEAM_CR,201,970369,0.0,-2.9,-2.7,2.7,2.4,18.3,12.2,0.0,18,1
TM,TEAM_CR,202,970408,0.0,-2.4,-2.7,2.7,1.8,19.2,12.3,0.0,19,1
TM,TEAM_CR,203,970448,0.0,-2.7,-2.6,2.6,1.5,19.8,12.4,0.0,20,1
TM,TEAM_CR,204,970488,0.0,-2.6,-2.5,2.5,1.0,20.6,12.5,0.0,21,1
TM,TEAM_CR,205,970528,0.0,-2.7,-2.5,2.5,0.5,21.7,12.6,0.0,22,1
TM,TEAM_CR,206,970568,0.0,-2.7,-2.5,2.5,0.0,22.8,12.7,0.0,23,1
TM,TEAM_CR,207,970608,0.0,-2.7,-2.5,2.5,-0.5,24.0,12.8,0.0,24,1
TM,TEAM_CR,208,970648,0.0,-2.6,-2.5,2.5,0.0,23.0,12.9,0.0,23,1
TM,TEAM_CR,209,970688,0.0,-2.6,-2.5,2.5,0.4,22.2,13.0,0.0,22,1
TM,SUN_L,3701,SUN_R,3716,SUN_NDV,-0.0020,SUN_ANGLE,-2.28
TM,TEAM_CR,210,970728,0.0,-2.5,-2.5,2.5,0.3,22.5,13.1,0.0,22,1
TM,TEAM_CR,211,970768,0.0,-2.5,-2.5,2.5,0.5,22.1,13.2,0.0,22,1
TM,TEAM_CR,212,970808,0.0,-2.6,-2.5,2.5,0.4,22.3,13.3,0.0,22,1
TM,TEAM_CR,213,970849,0.0,-2.6,-2.5,2.5,0.0,23.3,13.4,0.0,23,1
TM,TEAM_CR,214,970888,0.0,-2.7,-2.5,2.5,0.1,23.2,13.5,0.0,23,1
TM,TEAM_CR,215,970928,0.0,-2.5,-2.5,2.5,-0.3,24.0,13.6,0.0,24,1
TM,TEAM_CR,216,970968,0.0,-2.6,-2.5,2.5,-0.2,24.2,13.7,0.0,24,1
TM,TEAM_CR,217,971008,0.0,-2.6,-2.5,2.5,0.6,22.5,13.8,0.0,23,1
TM,TEAM_CR,218,971048,0.0,-2.6,-2.5,2.5,0.5,22.7,13.9,0.0,23,1
TM,TEAM_CR,219,971088,0.0,-2.5,-2.4,2.4,0.7,22.3,14.0,0.0,22,1
TM,TEAM_CR,220,971128,0.0,-2.5,-2.4,2.4,1.2,21.2,14.1,0.0,21,1
TM,TEAM_CR,221,971168,0.0,-2.6,-2.3,2.3,1.1,21.4,14.2,0.0,21,1
TM,TEAM_CR,222,971208,0.0,-2.5,-2.3,2.3,0.7,22.1,14.3,0.0,22,1
TM,TEAM_CR,223,971248,0.0,-2.3,-2.3,2.3,0.4,22.8,14.4,0.0,23,1
TM,TEAM_CR,224,971288,0.0,-2.3,-2.3,2.3,0.1,23.4,14.5,0.0,23,1
TM,TEAM_CR,225,971328,0.0,-2.2,-2.3,2.3,0.5,22.8,14.6,0.0,23,1
TM,TEAM_CR,226,971369,0.0,-2.3,-2.3,2.3,0.2,23.3,14.6,0.0,23,1
TM,TEAM_CR,227,971409,0.0,-2.4,-2.3,2.3,0.2,23.5,14.7,0.0,23,1
TM,TEAM_CR,228,971449,0.0,-2.1,-2.2,2.2,1.1,21.6,14.8,0.0,22,1
TM,TEAM_CR,229,971489,0.0,-2.1,-2.2,2.2,0.2,23.4,14.9,0.0,23,1
TM,SUN_L,3702,SUN_R,3716,SUN_NDV,-0.0019,SUN_ANGLE,-2.34
TM,TEAM_CR,230,971529,0.0,-2.3,-2.2,2.2,0.0,23.9,15.0,0.0,24,1
TM,TEAM_CR,231,971569,0.0,-2.3,-2.2,2.2,0.0,24.0,15.1,0.0,24,1
TM,TEAM_CR,232,971609,0.0,-2.2,-2.2,2.2,0.0,24.1,15.2,0.0,24,1
TM,TEAM_CR,233,971649,0.0,-2.4,-2.2,2.2,0.1,24.1,15.3,0.0,24,1
TM,TEAM_CR,234,971689,0.0,-2.3,-2.2,2.2,0.2,23.9,15.4,0.0,24,1
TM,TEAM_CR,235,971730,0.0,-2.4,-2.2,2.2,0.3,23.6,15.4,0.0,24,1
TM,TEAM_CR,236,971769,0.0,-2.0,-2.2,2.2,0.6,23.0,15.5,0.0,23,1
TM,TEAM_CR,237,971809,0.0,-2.2,-2.2,2.2,0.1,24.2,15.6,0.0,24,1
TM,TEAM_CR,238,971849,0.0,-2.2,-2.2,2.2,0.2,24.0,15.7,0.0,24,1
TM,TEAM_CR,239,971889,0.0,-1.9,-2.2,2.2,0.4,23.8,15.8,0.0,24,1
TM,TEAM_CR,240,971929,0.0,-2.1,-2.2,2.2,-0.3,25.3,15.9,0.0,25,1
TM,TEAM_CR,241,971969,0.0,-2.2,-2.2,2.2,0.4,23.9,16.0,0.0,24,1
TM,TEAM_CR,242,972009,0.0,-2.4,-2.2,2.2,0.4,24.0,16.1,0.0,24,1
TM,TEAM_CR,243,972049,0.0,-2.1,-2.2,2.2,0.4,24.0,16.1,0.0,24,1
TM,TEAM_CR,244,972090,0.0,-2.3,-2.2,2.2,-0.2,25.2,16.2,0.0,25,1
TM,TEAM_CR,245,972130,0.0,-2.4,-2.2,2.2,-0.1,25.1,16.3,0.0,25,1
TM,TEAM_CR,246,972169,0.0,-2.4,-2.2,2.2,0.1,24.9,16.4,0.0,25,1
TM,TEAM_CR,247,972209,0.0,-2.1,-2.2,2.2,-0.1,25.4,16.5,0.0,25,1
TM,TEAM_CR,248,972249,0.0,-2.3,-2.2,2.2,0.2,24.9,16.6,0.0,25,1
TM,TEAM_CR,249,972289,0.0,-2.3,-2.2,2.2,0.5,24.3,16.7,0.0,24,1
TM,SUN_L,3702,SUN_R,3717,SUN_NDV,-0.0020,SUN_ANGLE,-2.44
TM,TEAM_CR,250,972329,0.0,-2.5,-2.1,2.1,0.6,24.1,16.8,0.0,24,1
TM,TEAM_CR,251,972371,0.0,-2.1,-2.1,2.1,0.4,24.5,16.8,0.0,25,1
TM,TEAM_CR,252,972411,0.0,-2.1,-2.1,2.1,0.3,24.7,16.9,0.0,25,1
TM,TEAM_CR,253,972451,0.0,-2.2,-2.1,2.1,0.1,25.2,17.0,0.0,25,1
TM,TEAM_CR,254,972491,0.0,-1.9,-2.1,2.1,-0.2,25.8,17.1,0.0,26,1
TM,TEAM_CR,255,972531,0.0,-2.0,-2.1,2.1,0.4,24.6,17.2,0.0,25,1
TM,TEAM_CR,256,972571,0.0,-2.0,-2.1,2.1,0.2,25.0,17.3,0.0,25,1
TM,TEAM_CR,257,972612,0.0,-2.0,-2.0,2.0,1.1,23.3,17.3,0.0,24,1
TM,TEAM_CR,258,972651,0.0,-2.1,-2.0,2.0,0.5,24.5,17.4,0.0,25,1
TM,TEAM_CR,259,972691,0.0,-2.0,-2.0,2.0,0.0,25.5,17.5,0.0,26,1
TM,TEAM_CR,260,972731,0.0,-2.1,-2.0,2.0,0.1,25.4,17.6,0.0,25,1
TM,TEAM_CR,261,972771,0.0,-2.0,-2.0,2.0,-0.1,25.8,17.7,0.0,26,1
TM,TEAM_CR,262,972811,0.0,-1.7,-2.0,2.0,0.1,25.4,17.7,0.0,25,1
TM,TEAM_CR,263,972851,0.0,-1.9,-2.0,2.0,0.5,24.8,17.8,0.0,25,1
TM,TEAM_CR,264,972892,0.0,-1.9,-1.9,1.9,0.5,24.7,17.9,0.0,25,1
TM,TEAM_CR,265,972932,0.0,-2.2,-1.9,1.9,0.2,25.3,18.0,0.0,25,1
TM,TEAM_CR,266,972972,0.0,-2.0,-1.9,1.9,0.1,25.5,18.0,0.0,26,1
TM,TEAM_CR,267,973013,0.0,-2.1,-1.9,1.9,0.2,25.4,18.1,0.0,25,1
TM,TEAM_CR,268,973053,0.0,-1.8,-1.9,1.9,0.2,25.6,18.2,0.0,26,1
TM,TEAM_CR,269,973092,0.0,-1.9,-1.9,1.9,0.4,25.1,18.3,0.0,25,1
TM,SUN_L,3701,SUN_R,3717,SUN_NDV,-0.0022,SUN_ANGLE,-2.18
TM,TEAM_CR,270,973132,0.0,-2.1,-1.9,1.9,0.4,25.2,18.4,0.0,25,1
TM,TEAM_CR,271,973172,0.0,-2.0,-1.9,1.9,0.4,25.2,18.4,0.0,25,1
TM,TEAM_CR,272,973212,0.0,-2.0,-1.9,1.9,0.2,25.7,18.5,0.0,26,1
TM,TEAM_CR,273,973252,0.0,-1.9,-1.9,1.9,-0.2,26.5,18.6,0.0,26,1
TM,TEAM_CR,274,973292,0.0,-2.0,-1.9,1.9,0.4,25.3,18.7,0.0,25,1
TM,TEAM_CR,275,973332,0.0,-1.7,-1.8,1.8,0.7,24.6,18.7,0.0,25,1
TM,TEAM_CR,276,973373,0.0,-1.8,-1.8,1.8,0.9,24.3,18.8,0.0,24,1
TM,TEAM_CR,277,973413,0.0,-1.3,-1.8,1.8,0.9,24.1,18.9,0.0,24,1
TM,TEAM_CR,278,973454,0.0,-1.7,-1.7,1.7,0.8,24.3,18.9,0.0,24,1
TM,TEAM_CR,279,973494,0.0,-1.8,-1.7,1.7,0.9,24.0,19.0,0.0,24,1
TM,TEAM_CR,280,973533,0.0,-1.7,-1.7,1.7,0.9,24.0,19.1,0.0,24,1
TM,TEAM_CR,281,973573,0.0,-1.6,-1.6,1.6,1.5,22.6,19.1,0.0,23,1
TM,TEAM_CR,282,973613,0.0,-1.5,-1.5,1.5,1.7,22.0,19.2,0.0,22,1
TM,TEAM_CR,283,973653,0.0,-1.5,-1.5,1.5,1.5,22.1,19.3,0.0,22,1
EVT,TEAM_CDUMP,END,284
